Time,Driver,DriverNumber,LapTime,LapNumber,Stint,PitOutTime,PitInTime,Sector1Time,Sector2Time,Sector3Time,Sector1SessionTime,Sector2SessionTime,Sector3SessionTime,SpeedI1,SpeedI2,SpeedFL,SpeedST,IsPersonalBest,Compound,TyreLife,FreshTyre,Team,LapStartTime,LapStartDate,TrackStatus,Position,Deleted,DeletedReason,FastF1Generated,IsAccurate,AirTemp,Humidity,Pressure,Rainfall,TrackTemp,WindDirection,WindSpeed
0 days 00:35:59.391000,GAS,10,0 days 00:02:32.560000,1.0,1.0,,,,0 days 00:01:13.370000,0 days 00:00:41.947000,,0 days 00:35:17.621000,0 days 00:35:59.993000,303.0,167.0,180.0,279.0,False,SOFT,1.0,True,Toro Rosso,0 days 00:33:26.693000,2019-09-01 13:13:26.907,124,10.0,False,,False,False,16.9,59.2,968.2,False,27.0,26,2.4
0 days 00:38:57.094000,GAS,10,,2.0,1.0,,,0 days 00:01:02.961000,0 days 00:01:13.159000,0 days 00:00:41.609000,0 days 00:37:02.503000,0 days 00:38:15.679000,0 days 00:38:57.376000,242.0,122.0,203.0,89.0,False,SOFT,2.0,True,Toro Rosso,0 days 00:35:59.391000,2019-09-01 13:15:59.605,4,9.0,False,,False,False,17.2,58.0,968.2,False,27.7,353,2.1
0 days 00:41:56.109000,GAS,10,,3.0,1.0,,,0 days 00:00:54.315000,0 days 00:01:09.692000,0 days 00:00:54.984000,0 days 00:39:51.699000,0 days 00:41:01.302000,0 days 00:41:56.339000,237.0,157.0,159.0,177.0,False,SOFT,3.0,True,Toro Rosso,0 days 00:38:57.094000,2019-09-01 13:18:57.308,4,9.0,False,,False,False,17.3,56.1,968.1,False,29.2,34,2.9
0 days 00:44:43.758000,GAS,10,,4.0,1.0,,,0 days 00:00:44.212000,0 days 00:01:12.377000,0 days 00:00:51.156000,0 days 00:42:40.421000,0 days 00:43:52.788000,0 days 00:44:45.886000,280.0,131.0,218.0,275.0,False,SOFT,4.0,True,Toro Rosso,0 days 00:41:56.109000,2019-09-01 13:21:56.323,41,9.0,False,,False,False,17.5,55.2,968.2,False,28.5,4,1.9
0 days 00:46:37.579000,GAS,10,0 days 00:01:53.821000,5.0,1.0,,,0 days 00:00:31.625000,0 days 00:00:51.972000,0 days 00:00:30.224000,0 days 00:45:15.560000,0 days 00:46:07.532000,0 days 00:46:37.756000,325.0,196.0,218.0,312.0,True,SOFT,5.0,True,Toro Rosso,0 days 00:44:43.758000,2019-09-01 13:24:43.972,1,9.0,False,,False,True,17.4,56.3,968.2,False,27.8,27,2.0
0 days 00:48:30.054000,GAS,10,0 days 00:01:52.475000,6.0,1.0,,,0 days 00:00:31.545000,0 days 00:00:51.077000,0 days 00:00:29.853000,0 days 00:47:09.301000,0 days 00:48:00.378000,0 days 00:48:30.231000,314.0,194.0,216.0,313.0,True,SOFT,6.0,True,Toro Rosso,0 days 00:46:37.579000,2019-09-01 13:26:37.793,1,9.0,False,,False,True,17.4,56.8,968.2,False,27.3,333,1.6
0 days 00:50:22.562000,GAS,10,0 days 00:01:52.508000,7.0,1.0,,,0 days 00:00:31.583000,0 days 00:00:50.960000,0 days 00:00:29.965000,0 days 00:49:01.814000,0 days 00:49:52.774000,0 days 00:50:22.739000,327.0,196.0,217.0,309.0,False,SOFT,7.0,True,Toro Rosso,0 days 00:48:30.054000,2019-09-01 13:28:30.268,1,9.0,False,,False,True,17.5,55.5,968.2,False,27.1,284,1.5
0 days 00:52:14.717000,GAS,10,0 days 00:01:52.155000,8.0,1.0,,,0 days 00:00:31.262000,0 days 00:00:51.038000,0 days 00:00:29.855000,0 days 00:50:54.001000,0 days 00:51:45.039000,0 days 00:52:14.894000,331.0,196.0,218.0,311.0,True,SOFT,8.0,True,Toro Rosso,0 days 00:50:22.562000,2019-09-01 13:30:22.776,1,9.0,False,,False,True,17.2,56.8,968.2,False,26.6,222,1.5
0 days 00:54:06.435000,GAS,10,0 days 00:01:51.718000,9.0,1.0,,,0 days 00:00:31.374000,0 days 00:00:50.493000,0 days 00:00:29.851000,0 days 00:52:46.268000,0 days 00:53:36.761000,0 days 00:54:06.612000,327.0,196.0,218.0,309.0,True,SOFT,9.0,True,Toro Rosso,0 days 00:52:14.717000,2019-09-01 13:32:14.931,1,9.0,False,,False,True,17.4,57.5,968.2,False,26.6,1,2.9
0 days 00:55:58.838000,GAS,10,0 days 00:01:52.403000,10.0,1.0,,,0 days 00:00:31.356000,0 days 00:00:51.011000,0 days 00:00:30.036000,0 days 00:54:37.968000,0 days 00:55:28.979000,0 days 00:55:59.015000,330.0,193.0,218.0,311.0,False,SOFT,10.0,True,Toro Rosso,0 days 00:54:06.435000,2019-09-01 13:34:06.649,1,9.0,False,,False,True,17.3,57.7,968.3,False,26.8,273,0.9
0 days 00:57:49.454000,GAS,10,0 days 00:01:50.616000,11.0,1.0,,,0 days 00:00:31.122000,0 days 00:00:49.555000,0 days 00:00:29.939000,0 days 00:56:30.137000,0 days 00:57:19.692000,0 days 00:57:49.631000,340.0,198.0,216.0,313.0,True,SOFT,11.0,True,Toro Rosso,0 days 00:55:58.838000,2019-09-01 13:35:59.052,1,8.0,False,,False,True,17.2,58.0,968.3,False,27.1,245,1.9
0 days 00:59:40.246000,GAS,10,0 days 00:01:50.792000,12.0,1.0,,,0 days 00:00:31.977000,0 days 00:00:48.877000,0 days 00:00:29.938000,0 days 00:58:21.608000,0 days 00:59:10.485000,0 days 00:59:40.423000,302.0,200.0,216.0,305.0,False,SOFT,12.0,True,Toro Rosso,0 days 00:57:49.454000,2019-09-01 13:37:49.668,1,8.0,False,,False,True,17.3,58.4,968.2,False,27.1,16,1.6
0 days 01:05:28.145000,GAS,10,0 days 00:01:50.007000,15.0,2.0,,,0 days 00:00:31.525000,0 days 00:00:49.146000,0 days 00:00:29.336000,0 days 01:04:09.840000,0 days 01:04:58.986000,0 days 01:05:28.322000,310.0,193.0,220.0,308.0,True,MEDIUM,2.0,True,Toro Rosso,0 days 01:03:38.138000,2019-09-01 13:43:38.352,1,14.0,False,,False,True,17.7,54.5,968.2,False,29.6,183,1.4
0 days 01:07:19.609000,GAS,10,0 days 00:01:51.464000,16.0,2.0,,,0 days 00:00:30.907000,0 days 00:00:50.914000,0 days 00:00:29.643000,0 days 01:05:59.229000,0 days 01:06:50.143000,0 days 01:07:19.786000,337.0,195.0,222.0,317.0,False,MEDIUM,3.0,True,Toro Rosso,0 days 01:05:28.145000,2019-09-01 13:45:28.359,1,14.0,False,,False,True,17.8,54.7,968.3,False,29.8,267,2.5
0 days 01:09:11.110000,GAS,10,0 days 00:01:51.501000,17.0,2.0,,,0 days 00:00:31.227000,0 days 00:00:50.552000,0 days 00:00:29.722000,0 days 01:07:51.013000,0 days 01:08:41.565000,0 days 01:09:11.287000,,201.0,219.0,301.0,False,MEDIUM,4.0,True,Toro Rosso,0 days 01:07:19.609000,2019-09-01 13:47:19.823,1,13.0,False,,False,True,17.8,55.2,968.3,False,29.6,349,0.7
0 days 01:11:02.640000,GAS,10,0 days 00:01:51.530000,18.0,2.0,,,0 days 00:00:31.577000,0 days 00:00:50.305000,0 days 00:00:29.648000,0 days 01:09:42.864000,0 days 01:10:33.169000,0 days 01:11:02.817000,317.0,193.0,223.0,309.0,False,MEDIUM,5.0,True,Toro Rosso,0 days 01:09:11.110000,2019-09-01 13:49:11.324,1,12.0,False,,False,True,17.6,56.0,968.3,False,28.2,74,1.0
0 days 01:12:53.691000,GAS,10,0 days 00:01:51.051000,19.0,2.0,,,0 days 00:00:31.747000,0 days 00:00:49.580000,0 days 00:00:29.724000,0 days 01:11:34.564000,0 days 01:12:24.144000,0 days 01:12:53.868000,306.0,202.0,218.0,306.0,False,MEDIUM,6.0,True,Toro Rosso,0 days 01:11:02.640000,2019-09-01 13:51:02.854,1,12.0,False,,False,True,17.6,56.6,968.3,False,28.3,74,0.9
0 days 01:14:43.460000,GAS,10,0 days 00:01:49.769000,20.0,2.0,,,0 days 00:00:31.810000,0 days 00:00:48.298000,0 days 00:00:29.661000,0 days 01:13:25.678000,0 days 01:14:13.976000,0 days 01:14:43.637000,304.0,201.0,219.0,307.0,True,MEDIUM,7.0,True,Toro Rosso,0 days 01:12:53.691000,2019-09-01 13:52:53.905,1,12.0,False,,False,True,17.9,55.3,968.3,False,28.3,5,2.2
0 days 01:16:33.160000,GAS,10,0 days 00:01:49.700000,21.0,2.0,,,0 days 00:00:31.774000,0 days 00:00:48.222000,0 days 00:00:29.704000,0 days 01:15:15.411000,0 days 01:16:03.633000,0 days 01:16:33.337000,,200.0,218.0,308.0,True,MEDIUM,8.0,True,Toro Rosso,0 days 01:14:43.460000,2019-09-01 13:54:43.674,1,12.0,False,,False,True,17.7,55.7,968.3,False,28.8,1,2.1
0 days 01:18:22.996000,GAS,10,0 days 00:01:49.836000,22.0,2.0,,,0 days 00:00:31.766000,0 days 00:00:48.214000,0 days 00:00:29.856000,0 days 01:17:05.103000,0 days 01:17:53.317000,0 days 01:18:23.173000,305.0,198.0,218.0,305.0,False,MEDIUM,9.0,True,Toro Rosso,0 days 01:16:33.160000,2019-09-01 13:56:33.374,1,12.0,False,,False,True,17.9,55.0,968.2,False,29.3,33,1.7
0 days 01:20:12.883000,GAS,10,0 days 00:01:49.887000,23.0,2.0,,,0 days 00:00:31.750000,0 days 00:00:48.459000,0 days 00:00:29.678000,0 days 01:18:54.923000,0 days 01:19:43.382000,0 days 01:20:13.060000,310.0,196.0,219.0,,False,MEDIUM,10.0,True,Toro Rosso,0 days 01:18:22.996000,2019-09-01 13:58:23.210,1,12.0,False,,False,True,17.9,55.6,968.3,False,29.8,347,2.5
0 days 01:22:04.284000,GAS,10,0 days 00:01:51.401000,24.0,2.0,,,0 days 00:00:31.653000,0 days 00:00:49.970000,0 days 00:00:29.778000,0 days 01:20:44.713000,0 days 01:21:34.683000,0 days 01:22:04.461000,312.0,198.0,217.0,308.0,False,MEDIUM,11.0,True,Toro Rosso,0 days 01:20:12.883000,2019-09-01 14:00:13.097,1,11.0,False,,False,True,18.0,54.2,968.2,False,30.1,21,2.8
0 days 01:23:54.523000,GAS,10,0 days 00:01:50.239000,25.0,2.0,,,0 days 00:00:31.735000,0 days 00:00:48.994000,0 days 00:00:29.510000,0 days 01:22:36.196000,0 days 01:23:25.190000,0 days 01:23:54.700000,308.0,198.0,220.0,,False,MEDIUM,12.0,True,Toro Rosso,0 days 01:22:04.284000,2019-09-01 14:02:04.498,1,10.0,False,,False,True,18.0,55.5,968.2,False,30.7,234,1.7
0 days 01:25:44.639000,GAS,10,0 days 00:01:50.116000,26.0,2.0,,,0 days 00:00:31.491000,0 days 00:00:49.010000,0 days 00:00:29.615000,0 days 01:24:26.191000,0 days 01:25:15.201000,0 days 01:25:44.816000,311.0,199.0,222.0,312.0,False,MEDIUM,13.0,True,Toro Rosso,0 days 01:23:54.523000,2019-09-01 14:03:54.737,1,10.0,False,,False,True,18.2,55.2,968.3,False,29.7,347,2.5
0 days 01:27:35.208000,GAS,10,0 days 00:01:50.569000,27.0,2.0,,,0 days 00:00:31.156000,0 days 00:00:49.746000,0 days 00:00:29.667000,0 days 01:26:15.972000,0 days 01:27:05.718000,0 days 01:27:35.385000,333.0,198.0,223.0,309.0,False,MEDIUM,14.0,True,Toro Rosso,0 days 01:25:44.639000,2019-09-01 14:05:44.853,1,10.0,False,,False,True,17.7,56.1,968.2,False,28.8,350,2.5
0 days 01:29:25.905000,GAS,10,0 days 00:01:50.697000,28.0,2.0,,,0 days 00:00:31.090000,0 days 00:00:49.979000,0 days 00:00:29.628000,0 days 01:28:06.475000,0 days 01:28:56.454000,0 days 01:29:26.082000,340.0,200.0,223.0,312.0,False,MEDIUM,15.0,True,Toro Rosso,0 days 01:27:35.208000,2019-09-01 14:07:35.422,1,10.0,False,,False,True,17.4,57.3,968.2,False,28.3,359,2.0
0 days 01:31:16.515000,GAS,10,0 days 00:01:50.610000,29.0,2.0,,,0 days 00:00:31.068000,0 days 00:00:49.816000,0 days 00:00:29.726000,0 days 01:29:57.150000,0 days 01:30:46.966000,0 days 01:31:16.692000,335.0,194.0,223.0,314.0,False,MEDIUM,16.0,True,Toro Rosso,0 days 01:29:25.905000,2019-09-01 14:09:26.119,1,10.0,False,,False,True,17.4,57.5,968.3,False,28.3,0,2.6
0 days 01:33:07.425000,GAS,10,0 days 00:01:50.910000,30.0,2.0,,,0 days 00:00:31.150000,0 days 00:00:50.056000,0 days 00:00:29.704000,0 days 01:31:47.842000,0 days 01:32:37.898000,0 days 01:33:07.602000,334.0,195.0,222.0,312.0,False,MEDIUM,17.0,True,Toro Rosso,0 days 01:31:16.515000,2019-09-01 14:11:16.729,1,9.0,False,,False,True,17.5,57.6,968.3,False,28.4,7,2.2
0 days 01:34:59.364000,GAS,10,0 days 00:01:51.939000,31.0,2.0,,,0 days 00:00:31.522000,0 days 00:00:50.470000,0 days 00:00:29.947000,0 days 01:33:39.124000,0 days 01:34:29.594000,0 days 01:34:59.541000,319.0,200.0,222.0,314.0,False,MEDIUM,18.0,True,Toro Rosso,0 days 01:33:07.425000,2019-09-01 14:13:07.639,1,10.0,False,,False,True,17.7,56.7,968.3,False,29.4,14,2.6
0 days 01:36:50.781000,GAS,10,0 days 00:01:51.417000,32.0,2.0,,,0 days 00:00:31.420000,0 days 00:00:50.304000,0 days 00:00:29.693000,0 days 01:35:30.961000,0 days 01:36:21.265000,0 days 01:36:50.958000,318.0,200.0,221.0,311.0,False,MEDIUM,19.0,True,Toro Rosso,0 days 01:34:59.364000,2019-09-01 14:14:59.578,1,11.0,False,,False,True,17.4,57.2,968.3,False,28.9,31,2.5
0 days 01:38:41.901000,GAS,10,0 days 00:01:51.120000,33.0,2.0,,,0 days 00:00:31.397000,0 days 00:00:49.749000,0 days 00:00:29.974000,0 days 01:37:22.355000,0 days 01:38:12.104000,0 days 01:38:42.078000,,194.0,221.0,310.0,False,MEDIUM,20.0,True,Toro Rosso,0 days 01:36:50.781000,2019-09-01 14:16:50.995,1,11.0,False,,False,True,17.5,56.7,968.2,False,28.2,2,3.0
0 days 01:40:32.421000,GAS,10,0 days 00:01:50.520000,34.0,2.0,,,0 days 00:00:30.847000,0 days 00:00:49.909000,0 days 00:00:29.764000,0 days 01:39:12.925000,0 days 01:40:02.834000,0 days 01:40:32.598000,340.0,191.0,220.0,320.0,False,MEDIUM,21.0,True,Toro Rosso,0 days 01:38:41.901000,2019-09-01 14:18:42.115,1,10.0,False,,False,True,17.8,56.0,968.2,False,28.8,339,2.1
0 days 01:42:23.476000,GAS,10,0 days 00:01:51.055000,35.0,2.0,,,0 days 00:00:31,0 days 00:00:50.379000,0 days 00:00:29.676000,0 days 01:41:03.598000,0 days 01:41:53.977000,0 days 01:42:23.653000,344.0,196.0,222.0,315.0,False,MEDIUM,22.0,True,Toro Rosso,0 days 01:40:32.421000,2019-09-01 14:20:32.635,1,10.0,False,,False,True,17.6,56.0,968.3,False,27.8,3,2.7
0 days 01:44:14.688000,GAS,10,0 days 00:01:51.212000,36.0,2.0,,,0 days 00:00:31.130000,0 days 00:00:50.239000,0 days 00:00:29.843000,0 days 01:42:54.783000,0 days 01:43:45.022000,0 days 01:44:14.865000,338.0,196.0,221.0,,False,MEDIUM,23.0,True,Toro Rosso,0 days 01:42:23.476000,2019-09-01 14:22:23.690,1,10.0,False,,False,True,17.5,55.6,968.2,False,27.8,10,2.3
0 days 01:46:06.448000,GAS,10,0 days 00:01:51.760000,37.0,2.0,,,0 days 00:00:31.379000,0 days 00:00:50.431000,0 days 00:00:29.950000,0 days 01:44:46.244000,0 days 01:45:36.675000,0 days 01:46:06.625000,322.0,196.0,222.0,312.0,False,MEDIUM,24.0,True,Toro Rosso,0 days 01:44:14.688000,2019-09-01 14:24:14.902,1,11.0,False,,False,True,17.3,54.8,968.3,False,28.3,358,1.6
0 days 01:47:58.390000,GAS,10,0 days 00:01:51.942000,38.0,2.0,,,0 days 00:00:31.440000,0 days 00:00:50.609000,0 days 00:00:29.893000,0 days 01:46:38.065000,0 days 01:47:28.674000,0 days 01:47:58.567000,324.0,194.0,223.0,309.0,False,MEDIUM,25.0,True,Toro Rosso,0 days 01:46:06.448000,2019-09-01 14:26:06.662,1,11.0,False,,False,True,17.6,54.4,968.3,False,29.5,350,1.2
0 days 01:49:48.435000,GAS,10,0 days 00:01:50.045000,39.0,2.0,,,0 days 00:00:31.100000,0 days 00:00:49.037000,0 days 00:00:29.908000,0 days 01:48:29.667000,0 days 01:49:18.704000,0 days 01:49:48.612000,338.0,196.0,220.0,315.0,False,MEDIUM,26.0,True,Toro Rosso,0 days 01:47:58.390000,2019-09-01 14:27:58.604,1,10.0,False,,False,True,17.8,53.5,968.3,False,29.5,12,2.4
0 days 01:51:38.747000,GAS,10,0 days 00:01:50.312000,40.0,2.0,,,0 days 00:00:31.897000,0 days 00:00:48.577000,0 days 00:00:29.838000,0 days 01:50:20.509000,0 days 01:51:09.086000,0 days 01:51:38.924000,300.0,199.0,220.0,307.0,False,MEDIUM,27.0,True,Toro Rosso,0 days 01:49:48.435000,2019-09-01 14:29:48.649,1,10.0,False,,False,True,17.9,52.0,968.3,False,28.8,356,2.5
0 days 01:53:28.579000,GAS,10,0 days 00:01:49.832000,41.0,2.0,,,0 days 00:00:31.985000,0 days 00:00:47.981000,0 days 00:00:29.866000,0 days 01:52:10.909000,0 days 01:52:58.890000,0 days 01:53:28.756000,301.0,200.0,220.0,304.0,False,MEDIUM,28.0,True,Toro Rosso,0 days 01:51:38.747000,2019-09-01 14:31:38.961,1,10.0,False,,False,True,17.6,53.0,968.3,False,28.8,352,2.5
0 days 01:55:18.419000,GAS,10,0 days 00:01:49.840000,42.0,2.0,,,0 days 00:00:31.966000,0 days 00:00:48.080000,0 days 00:00:29.794000,0 days 01:54:00.722000,0 days 01:54:48.802000,0 days 01:55:18.596000,304.0,201.0,220.0,305.0,False,MEDIUM,29.0,True,Toro Rosso,0 days 01:53:28.579000,2019-09-01 14:33:28.793,1,10.0,False,,False,True,17.8,52.8,968.4,False,28.9,356,1.8
0 days 01:57:10.559000,GAS,10,0 days 00:01:52.140000,43.0,2.0,,,0 days 00:00:31.763000,0 days 00:00:50.643000,0 days 00:00:29.734000,0 days 01:55:50.359000,0 days 01:56:41.002000,0 days 01:57:10.736000,315.0,197.0,219.0,306.0,False,MEDIUM,30.0,True,Toro Rosso,0 days 01:55:18.419000,2019-09-01 14:35:18.633,12,10.0,False,,False,True,17.6,53.4,968.3,False,28.8,34,0.7
0 days 01:59:01.611000,GAS,10,0 days 00:01:51.052000,44.0,2.0,,,0 days 00:00:31.616000,0 days 00:00:49.562000,0 days 00:00:29.874000,0 days 01:57:42.352000,0 days 01:58:31.914000,0 days 01:59:01.788000,318.0,200.0,220.0,309.0,False,MEDIUM,31.0,True,Toro Rosso,0 days 01:57:10.559000,2019-09-01 14:37:10.773,2,9.0,False,,False,True,17.9,53.0,968.3,False,28.0,5,1.8
0 days 00:35:57.804000,PER,11,0 days 00:02:30.965000,1.0,1.0,,,,0 days 00:01:11.775000,0 days 00:00:42.096000,,0 days 00:35:15.853000,0 days 00:35:58.046000,332.0,140.0,173.0,265.0,False,SOFT,4.0,False,Racing Point,0 days 00:33:26.693000,2019-09-01 13:13:26.907,124,9.0,False,,False,False,16.9,59.2,968.2,False,27.0,26,2.4
0 days 00:38:54.470000,PER,11,,2.0,1.0,,,0 days 00:01:02.627000,0 days 00:01:14.034000,0 days 00:00:40.039000,0 days 00:37:00.542000,0 days 00:38:14.605000,0 days 00:38:55.009000,185.0,127.0,207.0,91.0,False,SOFT,5.0,False,Racing Point,0 days 00:35:57.804000,2019-09-01 13:15:58.018,4,8.0,False,,False,False,17.2,58.0,968.2,False,27.7,353,2.1
0 days 00:41:53.437000,PER,11,,3.0,1.0,,,0 days 00:00:54.973000,0 days 00:01:10.477000,0 days 00:00:53.513000,0 days 00:39:49.618000,0 days 00:41:00.069000,0 days 00:41:53.801000,220.0,145.0,200.0,192.0,False,SOFT,6.0,False,Racing Point,0 days 00:38:54.470000,2019-09-01 13:18:54.684,4,8.0,False,,False,False,17.3,56.1,968.1,False,29.2,34,2.9
0 days 00:44:43.250000,PER,11,,4.0,1.0,,,0 days 00:00:44.975000,0 days 00:01:13.638000,0 days 00:00:51.230000,0 days 00:42:38.530000,0 days 00:43:52.186000,0 days 00:44:45.193000,280.0,119.0,219.0,256.0,False,SOFT,7.0,False,Racing Point,0 days 00:41:53.437000,2019-09-01 13:21:53.651,41,8.0,False,,False,False,17.5,55.2,968.2,False,28.5,4,1.9
0 days 00:46:37.110000,PER,11,0 days 00:01:53.860000,5.0,1.0,,,0 days 00:00:31.737000,0 days 00:00:51.893000,0 days 00:00:30.230000,0 days 00:45:15.132000,0 days 00:46:07.025000,0 days 00:46:37.255000,313.0,185.0,217.0,306.0,True,SOFT,8.0,False,Racing Point,0 days 00:44:43.250000,2019-09-01 13:24:43.464,1,8.0,False,,False,True,17.4,56.3,968.2,False,27.8,27,2.0
0 days 00:48:29.380000,PER,11,0 days 00:01:52.270000,6.0,1.0,,,0 days 00:00:31.519000,0 days 00:00:50.953000,0 days 00:00:29.798000,0 days 00:47:08.774000,0 days 00:47:59.727000,0 days 00:48:29.525000,333.0,194.0,215.0,311.0,True,SOFT,9.0,False,Racing Point,0 days 00:46:37.110000,2019-09-01 13:26:37.324,1,8.0,False,,False,True,17.4,56.8,968.2,False,27.3,333,1.6
0 days 00:50:21.754000,PER,11,0 days 00:01:52.374000,7.0,1.0,,,0 days 00:00:31.446000,0 days 00:00:51.035000,0 days 00:00:29.893000,0 days 00:49:00.971000,0 days 00:49:52.006000,0 days 00:50:21.899000,324.0,195.0,215.0,310.0,False,SOFT,10.0,False,Racing Point,0 days 00:48:29.380000,2019-09-01 13:28:29.594,1,8.0,False,,False,True,17.6,56.9,968.3,False,27.3,319,0.8
0 days 00:52:13.856000,PER,11,0 days 00:01:52.102000,8.0,1.0,,,0 days 00:00:31.258000,0 days 00:00:51.168000,0 days 00:00:29.676000,0 days 00:50:53.157000,0 days 00:51:44.325000,0 days 00:52:14.001000,345.0,194.0,217.0,314.0,True,SOFT,11.0,False,Racing Point,0 days 00:50:21.754000,2019-09-01 13:30:21.968,1,8.0,False,,False,True,17.2,56.8,968.2,False,26.6,222,1.5
0 days 00:54:05.770000,PER,11,0 days 00:01:51.914000,9.0,1.0,,,0 days 00:00:31.385000,0 days 00:00:50.622000,0 days 00:00:29.907000,0 days 00:52:45.386000,0 days 00:53:36.008000,0 days 00:54:05.915000,327.0,191.0,217.0,315.0,True,SOFT,12.0,False,Racing Point,0 days 00:52:13.856000,2019-09-01 13:32:14.070,1,8.0,False,,False,True,17.4,57.5,968.2,False,26.6,1,2.9
0 days 00:55:56.138000,PER,11,0 days 00:01:50.368000,10.0,1.0,,,0 days 00:00:31.210000,0 days 00:00:49.494000,0 days 00:00:29.664000,0 days 00:54:37.125000,0 days 00:55:26.619000,0 days 00:55:56.283000,333.0,195.0,217.0,316.0,True,SOFT,13.0,False,Racing Point,0 days 00:54:05.770000,2019-09-01 13:34:05.984,1,7.0,False,,False,True,17.3,57.7,968.3,False,26.8,273,0.9
0 days 00:57:46.949000,PER,11,0 days 00:01:50.811000,11.0,1.0,,,0 days 00:00:31.624000,0 days 00:00:49.383000,0 days 00:00:29.804000,0 days 00:56:27.907000,0 days 00:57:17.290000,0 days 00:57:47.094000,310.0,194.0,217.0,312.0,False,SOFT,14.0,False,Racing Point,0 days 00:55:56.138000,2019-09-01 13:35:56.352,1,7.0,False,,False,True,17.2,58.0,968.3,False,27.1,245,1.9
0 days 00:59:37.238000,PER,11,0 days 00:01:50.289000,12.0,1.0,,,0 days 00:00:31.435000,0 days 00:00:49.254000,0 days 00:00:29.600000,0 days 00:58:18.529000,0 days 00:59:07.783000,0 days 00:59:37.383000,314.0,195.0,216.0,,True,SOFT,15.0,False,Racing Point,0 days 00:57:46.949000,2019-09-01 13:37:47.163,1,7.0,False,,False,True,17.3,58.4,968.2,False,27.1,16,1.6
0 days 01:01:27.393000,PER,11,0 days 00:01:50.155000,13.0,1.0,,,0 days 00:00:31.465000,0 days 00:00:49.124000,0 days 00:00:29.566000,0 days 01:00:08.848000,0 days 01:00:57.972000,0 days 01:01:27.538000,,193.0,216.0,313.0,True,SOFT,16.0,False,Racing Point,0 days 00:59:37.238000,2019-09-01 13:39:37.452,1,7.0,False,,False,True,17.2,56.9,968.3,False,28.4,2,2.8
0 days 01:03:17.949000,PER,11,0 days 00:01:50.556000,14.0,1.0,,,0 days 00:00:31.457000,0 days 00:00:49.588000,0 days 00:00:29.511000,0 days 01:01:58.995000,0 days 01:02:48.583000,0 days 01:03:18.094000,317.0,194.0,216.0,314.0,False,SOFT,17.0,False,Racing Point,0 days 01:01:27.393000,2019-09-01 13:41:27.607,1,7.0,False,,False,True,17.5,56.9,968.1,False,29.0,12,2.2
0 days 01:09:09.537000,PER,11,0 days 00:01:50.319000,17.0,2.0,,,0 days 00:00:31.549000,0 days 00:00:49.401000,0 days 00:00:29.369000,0 days 01:07:50.912000,0 days 01:08:40.313000,0 days 01:09:09.682000,,198.0,220.0,299.0,False,MEDIUM,2.0,True,Racing Point,0 days 01:07:19.218000,2019-09-01 13:47:19.432,1,12.0,False,,False,True,17.8,55.2,968.3,False,29.6,349,0.7
0 days 01:10:59.877000,PER,11,0 days 00:01:50.340000,18.0,2.0,,,0 days 00:00:32.061000,0 days 00:00:48.866000,0 days 00:00:29.413000,0 days 01:09:41.743000,0 days 01:10:30.609000,0 days 01:11:00.022000,332.0,195.0,219.0,262.0,False,MEDIUM,3.0,True,Racing Point,0 days 01:09:09.537000,2019-09-01 13:49:09.751,1,11.0,False,,False,True,17.6,56.0,968.3,False,28.2,74,1.0
0 days 01:12:49.689000,PER,11,0 days 00:01:49.812000,19.0,2.0,,,0 days 00:00:31.371000,0 days 00:00:48.983000,0 days 00:00:29.458000,0 days 01:11:31.393000,0 days 01:12:20.376000,0 days 01:12:49.834000,319.0,198.0,219.0,309.0,True,MEDIUM,4.0,True,Racing Point,0 days 01:10:59.877000,2019-09-01 13:51:00.091,1,11.0,False,,False,True,17.6,56.6,968.3,False,28.3,74,0.9
0 days 01:14:39.323000,PER,11,0 days 00:01:49.634000,20.0,2.0,,,0 days 00:00:31.131000,0 days 00:00:49.111000,0 days 00:00:29.392000,0 days 01:13:20.965000,0 days 01:14:10.076000,0 days 01:14:39.468000,320.0,198.0,220.0,315.0,True,MEDIUM,5.0,True,Racing Point,0 days 01:12:49.689000,2019-09-01 13:52:49.903,1,11.0,False,,False,True,17.9,55.3,968.3,False,28.3,5,2.2
0 days 01:16:29.710000,PER,11,0 days 00:01:50.387000,21.0,2.0,,,0 days 00:00:31.040000,0 days 00:00:49.878000,0 days 00:00:29.469000,0 days 01:15:10.508000,0 days 01:16:00.386000,0 days 01:16:29.855000,329.0,198.0,218.0,318.0,False,MEDIUM,6.0,True,Racing Point,0 days 01:14:39.323000,2019-09-01 13:54:39.537,1,11.0,False,,False,True,17.7,55.7,968.3,False,28.8,1,2.1
0 days 01:18:20.196000,PER,11,0 days 00:01:50.486000,22.0,2.0,,,0 days 00:00:31.115000,0 days 00:00:49.781000,0 days 00:00:29.590000,0 days 01:17:00.970000,0 days 01:17:50.751000,0 days 01:18:20.341000,332.0,192.0,219.0,313.0,False,MEDIUM,7.0,True,Racing Point,0 days 01:16:29.710000,2019-09-01 13:56:29.924,1,11.0,False,,False,True,17.8,55.9,968.3,False,29.0,357,2.6
0 days 01:20:10.929000,PER,11,0 days 00:01:50.733000,23.0,2.0,,,0 days 00:00:30.997000,0 days 00:00:50.200000,0 days 00:00:29.536000,0 days 01:18:51.338000,0 days 01:19:41.538000,0 days 01:20:11.074000,339.0,192.0,222.0,314.0,False,MEDIUM,8.0,True,Racing Point,0 days 01:18:20.196000,2019-09-01 13:58:20.410,1,10.0,False,,False,True,17.9,55.6,968.3,False,29.8,347,2.5
0 days 01:22:01.035000,PER,11,0 days 00:01:50.106000,24.0,2.0,,,0 days 00:00:30.807000,0 days 00:00:49.858000,0 days 00:00:29.441000,0 days 01:20:41.881000,0 days 01:21:31.739000,0 days 01:22:01.180000,,193.0,219.0,315.0,False,MEDIUM,9.0,True,Racing Point,0 days 01:20:10.929000,2019-09-01 14:00:11.143,1,9.0,False,,False,True,18.0,54.2,968.2,False,30.1,21,2.8
0 days 01:23:51.781000,PER,11,0 days 00:01:50.746000,25.0,2.0,,,0 days 00:00:30.837000,0 days 00:00:50.512000,0 days 00:00:29.397000,0 days 01:22:32.017000,0 days 01:23:22.529000,0 days 01:23:51.926000,344.0,194.0,220.0,317.0,False,MEDIUM,10.0,True,Racing Point,0 days 01:22:01.035000,2019-09-01 14:02:01.249,1,8.0,False,,False,True,18.0,55.5,968.2,False,30.7,234,1.7
0 days 01:25:41.190000,PER,11,0 days 00:01:49.409000,26.0,2.0,,,0 days 00:00:30.777000,0 days 00:00:49.231000,0 days 00:00:29.401000,0 days 01:24:22.703000,0 days 01:25:11.934000,0 days 01:25:41.335000,346.0,197.0,220.0,319.0,True,MEDIUM,11.0,True,Racing Point,0 days 01:23:51.781000,2019-09-01 14:03:51.995,1,7.0,False,,False,True,18.2,55.2,968.3,False,29.7,347,2.5
0 days 01:27:30.863000,PER,11,0 days 00:01:49.673000,27.0,2.0,,,0 days 00:00:31.429000,0 days 00:00:48.835000,0 days 00:00:29.409000,0 days 01:26:12.764000,0 days 01:27:01.599000,0 days 01:27:31.008000,312.0,196.0,219.0,312.0,False,MEDIUM,12.0,True,Racing Point,0 days 01:25:41.190000,2019-09-01 14:05:41.404,1,7.0,False,,False,True,17.7,56.1,968.2,False,28.8,350,2.5
0 days 01:29:20.617000,PER,11,0 days 00:01:49.754000,28.0,2.0,,,0 days 00:00:31.414000,0 days 00:00:48.839000,0 days 00:00:29.501000,0 days 01:28:02.422000,0 days 01:28:51.261000,0 days 01:29:20.762000,315.0,196.0,220.0,313.0,False,MEDIUM,13.0,True,Racing Point,0 days 01:27:30.863000,2019-09-01 14:07:31.077,1,7.0,False,,False,True,17.4,57.3,968.2,False,28.3,359,2.0
0 days 01:31:09.398000,PER,11,0 days 00:01:48.781000,29.0,2.0,,,0 days 00:00:30.821000,0 days 00:00:48.374000,0 days 00:00:29.586000,0 days 01:29:51.583000,0 days 01:30:39.957000,0 days 01:31:09.543000,340.0,194.0,219.0,316.0,True,MEDIUM,14.0,True,Racing Point,0 days 01:29:20.617000,2019-09-01 14:09:20.831,1,6.0,False,,False,True,17.4,57.5,968.3,False,28.3,0,2.6
0 days 01:32:59.118000,PER,11,0 days 00:01:49.720000,30.0,2.0,,,0 days 00:00:31.543000,0 days 00:00:48.380000,0 days 00:00:29.797000,0 days 01:31:41.086000,0 days 01:32:29.466000,0 days 01:32:59.263000,307.0,189.0,219.0,310.0,False,MEDIUM,15.0,True,Racing Point,0 days 01:31:09.398000,2019-09-01 14:11:09.612,1,6.0,False,,False,True,17.5,57.6,968.3,False,28.4,7,2.2
0 days 01:34:48.728000,PER,11,0 days 00:01:49.610000,31.0,2.0,,,0 days 00:00:31.447000,0 days 00:00:48.491000,0 days 00:00:29.672000,0 days 01:33:30.710000,0 days 01:34:19.201000,0 days 01:34:48.873000,311.0,194.0,219.0,312.0,False,MEDIUM,16.0,True,Racing Point,0 days 01:32:59.118000,2019-09-01 14:12:59.332,1,6.0,False,,False,True,17.7,56.7,968.3,False,29.4,14,2.6
0 days 01:36:38.357000,PER,11,0 days 00:01:49.629000,32.0,2.0,,,0 days 00:00:31.387000,0 days 00:00:48.659000,0 days 00:00:29.583000,0 days 01:35:20.260000,0 days 01:36:08.919000,0 days 01:36:38.502000,,194.0,220.0,,False,MEDIUM,17.0,True,Racing Point,0 days 01:34:48.728000,2019-09-01 14:14:48.942,1,6.0,False,,False,True,17.4,57.2,968.3,False,28.9,31,2.5
0 days 01:38:27.823000,PER,11,0 days 00:01:49.466000,33.0,2.0,,,0 days 00:00:31.356000,0 days 00:00:48.577000,0 days 00:00:29.533000,0 days 01:37:09.858000,0 days 01:37:58.435000,0 days 01:38:27.968000,,195.0,220.0,,False,MEDIUM,18.0,True,Racing Point,0 days 01:36:38.357000,2019-09-01 14:16:38.571,1,6.0,False,,False,True,17.5,56.7,968.2,False,28.2,2,3.0
0 days 01:40:17.380000,PER,11,0 days 00:01:49.557000,34.0,2.0,,,0 days 00:00:31.445000,0 days 00:00:48.594000,0 days 00:00:29.518000,0 days 01:38:59.413000,0 days 01:39:48.007000,0 days 01:40:17.525000,310.0,197.0,220.0,310.0,False,MEDIUM,19.0,True,Racing Point,0 days 01:38:27.823000,2019-09-01 14:18:28.037,1,6.0,False,,False,True,17.6,57.1,968.2,False,28.2,293,2.4
0 days 01:42:06.432000,PER,11,0 days 00:01:49.052000,35.0,2.0,,,0 days 00:00:31.367000,0 days 00:00:48.301000,0 days 00:00:29.384000,0 days 01:40:48.892000,0 days 01:41:37.193000,0 days 01:42:06.577000,,194.0,221.0,312.0,False,MEDIUM,20.0,True,Racing Point,0 days 01:40:17.380000,2019-09-01 14:20:17.594,1,6.0,False,,False,True,17.7,55.9,968.2,False,28.8,3,1.9
0 days 01:43:55.564000,PER,11,0 days 00:01:49.132000,36.0,2.0,,,0 days 00:00:31.293000,0 days 00:00:48.425000,0 days 00:00:29.414000,0 days 01:42:37.870000,0 days 01:43:26.295000,0 days 01:43:55.709000,,196.0,221.0,313.0,False,MEDIUM,21.0,True,Racing Point,0 days 01:42:06.432000,2019-09-01 14:22:06.646,1,6.0,False,,False,True,17.5,55.6,968.2,False,27.8,10,2.3
0 days 01:45:44.908000,PER,11,0 days 00:01:49.344000,37.0,2.0,,,0 days 00:00:31.359000,0 days 00:00:48.452000,0 days 00:00:29.533000,0 days 01:44:27.068000,0 days 01:45:15.520000,0 days 01:45:45.053000,,193.0,220.0,311.0,False,MEDIUM,22.0,True,Racing Point,0 days 01:43:55.564000,2019-09-01 14:23:55.778,1,6.0,False,,False,True,17.3,54.8,968.3,False,28.3,358,1.6
0 days 01:47:34.836000,PER,11,0 days 00:01:49.928000,38.0,2.0,,,0 days 00:00:31.316000,0 days 00:00:48.546000,0 days 00:00:30.066000,0 days 01:46:16.369000,0 days 01:47:04.915000,0 days 01:47:34.981000,,194.0,219.0,310.0,False,MEDIUM,23.0,True,Racing Point,0 days 01:45:44.908000,2019-09-01 14:25:45.122,1,6.0,False,,False,True,17.6,54.4,968.3,False,29.5,350,1.2
0 days 01:49:24.172000,PER,11,0 days 00:01:49.336000,39.0,2.0,,,0 days 00:00:31.460000,0 days 00:00:48.296000,0 days 00:00:29.580000,0 days 01:48:06.441000,0 days 01:48:54.737000,0 days 01:49:24.317000,309.0,197.0,221.0,312.0,False,MEDIUM,24.0,True,Racing Point,0 days 01:47:34.836000,2019-09-01 14:27:35.050,1,6.0,False,,False,True,17.8,53.5,968.3,False,29.5,12,2.4
0 days 01:51:13.607000,PER,11,0 days 00:01:49.435000,40.0,2.0,,,0 days 00:00:31.308000,0 days 00:00:48.526000,0 days 00:00:29.601000,0 days 01:49:55.625000,0 days 01:50:44.151000,0 days 01:51:13.752000,,198.0,221.0,,False,MEDIUM,25.0,True,Racing Point,0 days 01:49:24.172000,2019-09-01 14:29:24.386,1,6.0,False,,False,True,17.9,53.0,968.3,False,28.9,2,1.9
0 days 01:53:03.043000,PER,11,0 days 00:01:49.436000,41.0,2.0,,,0 days 00:00:31.440000,0 days 00:00:48.383000,0 days 00:00:29.613000,0 days 01:51:45.192000,0 days 01:52:33.575000,0 days 01:53:03.188000,308.0,197.0,220.0,310.0,False,MEDIUM,26.0,True,Racing Point,0 days 01:51:13.607000,2019-09-01 14:31:13.821,1,6.0,False,,False,True,17.8,52.4,968.3,False,28.8,2,1.8
0 days 01:54:52.526000,PER,11,0 days 00:01:49.483000,42.0,2.0,,,0 days 00:00:31.379000,0 days 00:00:48.422000,0 days 00:00:29.682000,0 days 01:53:34.567000,0 days 01:54:22.989000,0 days 01:54:52.671000,310.0,197.0,220.0,311.0,False,MEDIUM,27.0,True,Racing Point,0 days 01:53:03.043000,2019-09-01 14:33:03.257,1,6.0,False,,False,True,17.8,52.8,968.4,False,28.9,356,1.8
0 days 01:56:41.687000,PER,11,0 days 00:01:49.161000,43.0,2.0,,,0 days 00:00:31.353000,0 days 00:00:48.378000,0 days 00:00:29.430000,0 days 01:55:24.024000,0 days 01:56:12.402000,0 days 01:56:41.832000,323.0,195.0,179.0,309.0,False,MEDIUM,28.0,True,Racing Point,0 days 01:54:52.526000,2019-09-01 14:34:52.740,12,6.0,False,,False,True,17.6,53.4,968.3,False,28.8,34,0.7
0 days 01:58:36.937000,PER,11,0 days 00:01:55.250000,44.0,2.0,,,0 days 00:00:34.451000,0 days 00:00:50.963000,0 days 00:00:29.836000,0 days 01:57:16.283000,0 days 01:58:07.246000,0 days 01:58:37.082000,307.0,192.0,220.0,306.0,False,MEDIUM,29.0,True,Racing Point,0 days 01:56:41.687000,2019-09-01 14:36:41.901,2,6.0,False,,False,True,17.9,53.0,968.3,False,28.0,5,1.8
0 days 00:35:44.406000,LEC,16,0 days 00:02:17.550000,1.0,1.0,,,,0 days 00:01:02.080000,0 days 00:00:41.784000,,0 days 00:35:02.831000,0 days 00:35:45.064000,318.0,150.0,154.0,304.0,False,SOFT,4.0,False,Ferrari,0 days 00:33:26.693000,2019-09-01 13:13:26.907,124,1.0,False,,False,False,16.9,59.2,968.2,False,27.0,26,2.4
0 days 00:38:43.671000,LEC,16,,2.0,1.0,,,0 days 00:01:01.565000,0 days 00:01:15.830000,0 days 00:00:41.921000,0 days 00:36:46.253000,0 days 00:38:01.959000,0 days 00:38:44.298000,231.0,179.0,172.0,91.0,False,SOFT,5.0,False,Ferrari,0 days 00:35:44.406000,2019-09-01 13:15:44.620,4,1.0,False,,False,False,17.2,58.0,968.2,False,27.7,353,2.1
0 days 00:41:45.844000,LEC,16,,3.0,1.0,,,0 days 00:00:53.749000,0 days 00:01:15.827000,0 days 00:00:52.617000,0 days 00:39:37.664000,0 days 00:40:53.436000,0 days 00:41:46.183000,230.0,90.0,166.0,99.0,False,SOFT,6.0,False,Ferrari,0 days 00:38:43.671000,2019-09-01 13:18:43.885,4,1.0,False,,False,False,17.3,56.1,968.1,False,29.2,34,2.9
0 days 00:44:39.310000,LEC,16,,4.0,1.0,,,0 days 00:00:43.045000,0 days 00:01:16.287000,0 days 00:00:54.175000,0 days 00:42:29.143000,0 days 00:43:45.363000,0 days 00:44:39.922000,258.0,108.0,220.0,187.0,False,SOFT,7.0,False,Ferrari,0 days 00:41:45.844000,2019-09-01 13:21:46.058,41,1.0,False,,False,False,17.5,55.2,968.2,False,28.5,4,1.9
0 days 00:46:28.995000,LEC,16,0 days 00:01:49.685000,5.0,1.0,,,0 days 00:00:31.398000,0 days 00:00:48.596000,0 days 00:00:29.691000,0 days 00:45:10.917000,0 days 00:45:59.513000,0 days 00:46:29.204000,314.0,194.0,218.0,307.0,True,SOFT,8.0,False,Ferrari,0 days 00:44:39.310000,2019-09-01 13:24:39.524,1,1.0,False,,False,True,17.4,56.3,968.2,False,27.8,27,2.0
0 days 00:48:18.553000,LEC,16,0 days 00:01:49.558000,6.0,1.0,,,0 days 00:00:31.569000,0 days 00:00:48.377000,0 days 00:00:29.612000,0 days 00:47:00.773000,0 days 00:47:49.150000,0 days 00:48:18.762000,309.0,195.0,217.0,306.0,True,SOFT,9.0,False,Ferrari,0 days 00:46:28.995000,2019-09-01 13:26:29.209,1,1.0,False,,False,True,17.4,56.7,968.2,False,27.8,340,1.5
0 days 00:50:08.041000,LEC,16,0 days 00:01:49.488000,7.0,1.0,,,0 days 00:00:31.504000,0 days 00:00:48.492000,0 days 00:00:29.492000,0 days 00:48:50.266000,0 days 00:49:38.758000,0 days 00:50:08.250000,314.0,197.0,217.0,307.0,True,SOFT,10.0,False,Ferrari,0 days 00:48:18.553000,2019-09-01 13:28:18.767,1,1.0,False,,False,True,17.6,56.9,968.3,False,27.3,319,0.8
0 days 00:51:57.493000,LEC,16,0 days 00:01:49.452000,8.0,1.0,,,0 days 00:00:31.463000,0 days 00:00:48.386000,0 days 00:00:29.603000,0 days 00:50:39.713000,0 days 00:51:28.099000,0 days 00:51:57.702000,315.0,195.0,216.0,309.0,True,SOFT,11.0,False,Ferrari,0 days 00:50:08.041000,2019-09-01 13:30:08.255,1,1.0,False,,False,True,17.2,56.8,968.2,False,26.6,222,1.5
0 days 00:53:47.584000,LEC,16,0 days 00:01:50.091000,9.0,1.0,,,0 days 00:00:31.499000,0 days 00:00:49.034000,0 days 00:00:29.558000,0 days 00:52:29.201000,0 days 00:53:18.235000,0 days 00:53:47.793000,316.0,195.0,218.0,308.0,False,SOFT,12.0,False,Ferrari,0 days 00:51:57.493000,2019-09-01 13:31:57.707,1,1.0,False,,False,True,17.4,57.5,968.2,False,26.6,1,2.9
0 days 00:55:37.252000,LEC,16,0 days 00:01:49.668000,10.0,1.0,,,0 days 00:00:31.543000,0 days 00:00:48.559000,0 days 00:00:29.566000,0 days 00:54:19.336000,0 days 00:55:07.895000,0 days 00:55:37.461000,312.0,196.0,218.0,307.0,False,SOFT,13.0,False,Ferrari,0 days 00:53:47.584000,2019-09-01 13:33:47.798,1,1.0,False,,False,True,17.3,57.7,968.3,False,26.8,273,0.9
0 days 00:57:26.650000,LEC,16,0 days 00:01:49.398000,11.0,1.0,,,0 days 00:00:31.505000,0 days 00:00:48.350000,0 days 00:00:29.543000,0 days 00:56:08.966000,0 days 00:56:57.316000,0 days 00:57:26.859000,314.0,196.0,218.0,308.0,True,SOFT,14.0,False,Ferrari,0 days 00:55:37.252000,2019-09-01 13:35:37.466,1,1.0,False,,False,True,17.2,58.0,968.3,False,27.1,245,1.9
0 days 00:59:15.654000,LEC,16,0 days 00:01:49.004000,12.0,1.0,,,0 days 00:00:31.372000,0 days 00:00:48.200000,0 days 00:00:29.432000,0 days 00:57:58.231000,0 days 00:58:46.431000,0 days 00:59:15.863000,315.0,201.0,217.0,,True,SOFT,15.0,False,Ferrari,0 days 00:57:26.650000,2019-09-01 13:37:26.864,1,1.0,False,,False,True,17.2,57.9,968.2,False,26.8,222,1.1
0 days 01:01:04.571000,LEC,16,0 days 00:01:48.917000,13.0,1.0,,,0 days 00:00:31.450000,0 days 00:00:48.137000,0 days 00:00:29.330000,0 days 00:59:47.313000,0 days 01:00:35.450000,0 days 01:01:04.780000,314.0,201.0,218.0,,True,SOFT,16.0,False,Ferrari,0 days 00:59:15.654000,2019-09-01 13:39:15.868,1,1.0,False,,False,True,17.4,55.9,968.2,False,27.8,19,1.5
0 days 01:02:53.683000,LEC,16,0 days 00:01:49.112000,14.0,1.0,,,0 days 00:00:31.452000,0 days 00:00:48.256000,0 days 00:00:29.404000,0 days 01:01:36.232000,0 days 01:02:24.488000,0 days 01:02:53.892000,316.0,199.0,218.0,312.0,False,SOFT,17.0,False,Ferrari,0 days 01:01:04.571000,2019-09-01 13:41:04.785,1,1.0,False,,False,True,17.5,56.9,968.1,False,29.0,12,2.2
0 days 01:04:42.663000,LEC,16,0 days 00:01:48.980000,15.0,1.0,,,0 days 00:00:31.488000,0 days 00:00:48.068000,0 days 00:00:29.424000,0 days 01:03:25.380000,0 days 01:04:13.448000,0 days 01:04:42.872000,,199.0,219.0,309.0,False,SOFT,18.0,False,Ferrari,0 days 01:02:53.683000,2019-09-01 13:42:53.897,1,1.0,False,,False,True,17.6,56.0,968.2,False,29.2,307,0.9
0 days 01:06:31.678000,LEC,16,0 days 00:01:49.015000,16.0,1.0,,,0 days 00:00:31.383000,0 days 00:00:48.096000,0 days 00:00:29.536000,0 days 01:05:14.255000,0 days 01:06:02.351000,0 days 01:06:31.887000,,198.0,217.0,,False,SOFT,19.0,False,Ferrari,0 days 01:04:42.663000,2019-09-01 13:44:42.877,1,1.0,False,,False,True,17.8,54.7,968.3,False,29.8,267,2.5
0 days 01:08:20.983000,LEC,16,0 days 00:01:49.305000,17.0,1.0,,,0 days 00:00:31.459000,0 days 00:00:48.329000,0 days 00:00:29.517000,0 days 01:07:03.346000,0 days 01:07:51.675000,0 days 01:08:21.192000,312.0,199.0,217.0,310.0,False,SOFT,20.0,False,Ferrari,0 days 01:06:31.678000,2019-09-01 13:46:31.892,1,1.0,False,,False,True,17.8,55.2,968.3,False,29.6,349,0.7
0 days 01:10:10.308000,LEC,16,0 days 00:01:49.325000,18.0,1.0,,,0 days 00:00:31.404000,0 days 00:00:48.439000,0 days 00:00:29.482000,0 days 01:08:52.596000,0 days 01:09:41.035000,0 days 01:10:10.517000,317.0,198.0,218.0,308.0,False,SOFT,21.0,False,Ferrari,0 days 01:08:20.983000,2019-09-01 13:48:21.197,1,1.0,False,,False,True,17.6,55.6,968.3,False,28.7,0,1.4
0 days 01:11:59.571000,LEC,16,0 days 00:01:49.263000,19.0,1.0,,,0 days 00:00:31.359000,0 days 00:00:48.407000,0 days 00:00:29.497000,0 days 01:10:41.876000,0 days 01:11:30.283000,0 days 01:11:59.780000,318.0,198.0,218.0,310.0,False,SOFT,22.0,False,Ferrari,0 days 01:10:10.308000,2019-09-01 13:50:10.522,1,1.0,False,,False,True,17.5,56.3,968.3,False,28.2,177,1.0
0 days 01:13:48.519000,LEC,16,0 days 00:01:48.948000,20.0,1.0,,,0 days 00:00:31.345000,0 days 00:00:48.127000,0 days 00:00:29.476000,0 days 01:12:31.125000,0 days 01:13:19.252000,0 days 01:13:48.728000,319.0,199.0,218.0,309.0,False,SOFT,23.0,False,Ferrari,0 days 01:11:59.571000,2019-09-01 13:51:59.785,1,1.0,False,,False,True,17.8,56.1,968.3,False,28.3,20,1.0
0 days 01:19:30.956000,LEC,16,0 days 00:01:46.664000,23.0,2.0,,,0 days 00:00:30.878000,0 days 00:00:46.807000,0 days 00:00:28.979000,0 days 01:18:15.379000,0 days 01:19:02.186000,0 days 01:19:31.165000,316.0,204.0,222.0,312.0,True,MEDIUM,2.0,True,Ferrari,0 days 01:17:44.292000,2019-09-01 13:57:44.506,1,3.0,False,,False,True,17.9,55.6,968.3,False,29.8,347,2.5
0 days 01:21:18.118000,LEC,16,0 days 00:01:47.162000,24.0,2.0,,,0 days 00:00:31.058000,0 days 00:00:47.049000,0 days 00:00:29.055000,0 days 01:20:02.223000,0 days 01:20:49.272000,0 days 01:21:18.327000,322.0,201.0,222.0,311.0,False,MEDIUM,3.0,True,Ferrari,0 days 01:19:30.956000,2019-09-01 13:59:31.170,1,2.0,False,,False,True,18.0,54.2,968.2,False,30.1,21,2.8
0 days 01:23:05.500000,LEC,16,0 days 00:01:47.382000,25.0,2.0,,,0 days 00:00:31.087000,0 days 00:00:47.490000,0 days 00:00:28.805000,0 days 01:21:49.414000,0 days 01:22:36.904000,0 days 01:23:05.709000,321.0,202.0,223.0,313.0,False,MEDIUM,4.0,True,Ferrari,0 days 01:21:18.118000,2019-09-01 14:01:18.332,1,2.0,False,,False,True,17.9,55.2,968.1,False,30.4,85,2.9
0 days 01:24:53.643000,LEC,16,0 days 00:01:48.143000,26.0,2.0,,,0 days 00:00:30.909000,0 days 00:00:48.196000,0 days 00:00:29.038000,0 days 01:23:36.618000,0 days 01:24:24.814000,0 days 01:24:53.852000,317.0,201.0,225.0,315.0,False,MEDIUM,5.0,True,Ferrari,0 days 01:23:05.500000,2019-09-01 14:03:05.714,1,2.0,False,,False,True,18.2,56.3,968.3,False,30.4,346,1.5
0 days 01:26:40.870000,LEC,16,0 days 00:01:47.227000,27.0,2.0,,,0 days 00:00:31.086000,0 days 00:00:47.119000,0 days 00:00:29.022000,0 days 01:25:24.938000,0 days 01:26:12.057000,0 days 01:26:41.079000,,205.0,221.0,312.0,False,MEDIUM,6.0,True,Ferrari,0 days 01:24:53.643000,2019-09-01 14:04:53.857,1,1.0,False,,False,True,17.8,55.6,968.3,False,28.9,8,2.8
0 days 01:28:27.878000,LEC,16,0 days 00:01:47.008000,28.0,2.0,,,0 days 00:00:31.016000,0 days 00:00:46.972000,0 days 00:00:29.020000,0 days 01:27:12.095000,0 days 01:27:59.067000,0 days 01:28:28.087000,318.0,206.0,221.0,311.0,False,MEDIUM,7.0,True,Ferrari,0 days 01:26:40.870000,2019-09-01 14:06:41.084,1,1.0,False,,False,True,17.5,56.8,968.2,False,28.5,4,3.3
0 days 01:30:14.892000,LEC,16,0 days 00:01:47.014000,29.0,2.0,,,0 days 00:00:31.071000,0 days 00:00:46.892000,0 days 00:00:29.051000,0 days 01:28:59.158000,0 days 01:29:46.050000,0 days 01:30:15.101000,320.0,204.0,221.0,312.0,False,MEDIUM,8.0,True,Ferrari,0 days 01:28:27.878000,2019-09-01 14:08:28.092,1,1.0,False,,False,True,17.4,57.3,968.2,False,28.3,359,2.0
0 days 01:32:02.193000,LEC,16,0 days 00:01:47.301000,30.0,2.0,,,0 days 00:00:31.078000,0 days 00:00:47.053000,0 days 00:00:29.170000,0 days 01:30:46.179000,0 days 01:31:33.232000,0 days 01:32:02.402000,319.0,200.0,222.0,,False,MEDIUM,9.0,True,Ferrari,0 days 01:30:14.892000,2019-09-01 14:10:15.106,1,1.0,False,,False,True,17.4,57.2,968.3,False,28.4,329,2.5
0 days 01:33:49.607000,LEC,16,0 days 00:01:47.414000,31.0,2.0,,,0 days 00:00:31.108000,0 days 00:00:47.134000,0 days 00:00:29.172000,0 days 01:32:33.510000,0 days 01:33:20.644000,0 days 01:33:49.816000,322.0,198.0,220.0,314.0,False,MEDIUM,10.0,True,Ferrari,0 days 01:32:02.193000,2019-09-01 14:12:02.407,1,1.0,False,,False,True,17.6,56.5,968.3,False,28.9,310,2.7
0 days 01:35:37.041000,LEC,16,0 days 00:01:47.434000,32.0,2.0,,,0 days 00:00:31.012000,0 days 00:00:47.224000,0 days 00:00:29.198000,0 days 01:34:20.828000,0 days 01:35:08.052000,0 days 01:35:37.250000,323.0,204.0,222.0,315.0,False,MEDIUM,11.0,True,Ferrari,0 days 01:33:49.607000,2019-09-01 14:13:49.821,1,1.0,False,,False,True,17.6,56.5,968.2,False,29.4,66,3.8
0 days 01:37:24.216000,LEC,16,0 days 00:01:47.175000,33.0,2.0,,,0 days 00:00:31.012000,0 days 00:00:47.110000,0 days 00:00:29.053000,,0 days 01:36:55.372000,0 days 01:37:24.425000,322.0,204.0,222.0,313.0,False,MEDIUM,12.0,True,Ferrari,0 days 01:35:37.041000,2019-09-01 14:15:37.255,1,1.0,False,,False,True,17.5,57.0,968.3,False,28.5,5,2.5
0 days 01:39:11.535000,LEC,16,0 days 00:01:47.319000,34.0,2.0,,,0 days 00:00:30.959000,0 days 00:00:47.236000,0 days 00:00:29.124000,0 days 01:37:55.384000,0 days 01:38:42.620000,0 days 01:39:11.744000,321.0,202.0,222.0,,False,MEDIUM,13.0,True,Ferrari,0 days 01:37:24.216000,2019-09-01 14:17:24.430,1,1.0,False,,False,True,17.5,56.7,968.2,False,28.2,2,3.0
0 days 01:40:58.751000,LEC,16,0 days 00:01:47.216000,35.0,2.0,,,0 days 00:00:30.930000,0 days 00:00:47.223000,0 days 00:00:29.063000,0 days 01:39:42.674000,0 days 01:40:29.897000,0 days 01:40:58.960000,322.0,200.0,223.0,314.0,False,MEDIUM,14.0,True,Ferrari,0 days 01:39:11.535000,2019-09-01 14:19:11.749,1,1.0,False,,False,True,17.8,56.0,968.2,False,28.8,339,2.1
0 days 01:42:45.946000,LEC,16,0 days 00:01:47.195000,36.0,2.0,,,0 days 00:00:30.980000,0 days 00:00:47.215000,0 days 00:00:29,0 days 01:41:29.940000,0 days 01:42:17.155000,0 days 01:42:46.155000,323.0,201.0,224.0,,False,MEDIUM,15.0,True,Ferrari,0 days 01:40:58.751000,2019-09-01 14:20:58.965,1,1.0,False,,False,True,17.6,56.0,968.3,False,27.8,3,2.7
0 days 01:44:33.506000,LEC,16,0 days 00:01:47.560000,37.0,2.0,,,0 days 00:00:30.959000,0 days 00:00:47.462000,0 days 00:00:29.139000,0 days 01:43:17.114000,0 days 01:44:04.576000,0 days 01:44:33.715000,324.0,199.0,222.0,,False,MEDIUM,16.0,True,Ferrari,0 days 01:42:45.946000,2019-09-01 14:22:46.160,1,1.0,False,,False,True,17.5,54.5,968.3,False,28.0,308,2.6
0 days 01:46:21.153000,LEC,16,0 days 00:01:47.647000,38.0,2.0,,,0 days 00:00:30.936000,0 days 00:00:47.642000,0 days 00:00:29.069000,0 days 01:45:04.651000,0 days 01:45:52.293000,0 days 01:46:21.362000,325.0,199.0,223.0,315.0,False,MEDIUM,17.0,True,Ferrari,0 days 01:44:33.506000,2019-09-01 14:24:33.720,1,1.0,False,,False,True,17.5,54.5,968.3,False,28.9,348,1.4
0 days 01:48:09.097000,LEC,16,0 days 00:01:47.944000,39.0,2.0,,,0 days 00:00:30.936000,0 days 00:00:47.753000,0 days 00:00:29.255000,,0 days 01:47:40.051000,0 days 01:48:09.306000,324.0,199.0,222.0,314.0,False,MEDIUM,18.0,True,Ferrari,0 days 01:46:21.153000,2019-09-01 14:26:21.367,1,1.0,False,,False,True,17.6,54.4,968.3,False,29.5,350,1.2
0 days 01:49:57.643000,LEC,16,0 days 00:01:48.546000,40.0,2.0,,,0 days 00:00:31.274000,0 days 00:00:48.116000,0 days 00:00:29.156000,0 days 01:48:40.580000,0 days 01:49:28.696000,0 days 01:49:57.852000,323.0,199.0,223.0,315.0,False,MEDIUM,19.0,True,Ferrari,0 days 01:48:09.097000,2019-09-01 14:28:09.311,1,1.0,False,,False,True,17.8,53.5,968.3,False,29.5,12,2.4
0 days 01:51:46.373000,LEC,16,0 days 00:01:48.730000,41.0,2.0,,,0 days 00:00:30.888000,0 days 00:00:48.493000,0 days 00:00:29.349000,0 days 01:50:28.740000,0 days 01:51:17.233000,0 days 01:51:46.582000,330.0,196.0,225.0,317.0,False,MEDIUM,20.0,True,Ferrari,0 days 01:49:57.643000,2019-09-01 14:29:57.857,1,1.0,False,,False,True,17.9,52.0,968.3,False,28.8,356,2.5
0 days 01:53:35.032000,LEC,16,0 days 00:01:48.659000,42.0,2.0,,,0 days 00:00:30.851000,0 days 00:00:48.716000,0 days 00:00:29.092000,0 days 01:52:17.433000,0 days 01:53:06.149000,0 days 01:53:35.241000,333.0,197.0,224.0,318.0,False,MEDIUM,21.0,True,Ferrari,0 days 01:51:46.373000,2019-09-01 14:31:46.587,1,1.0,False,,False,True,17.6,53.0,968.3,False,28.8,352,2.5
0 days 01:55:23.410000,LEC,16,0 days 00:01:48.378000,43.0,2.0,,,0 days 00:00:30.982000,0 days 00:00:48.309000,0 days 00:00:29.087000,0 days 01:54:06.223000,0 days 01:54:54.532000,0 days 01:55:23.619000,326.0,198.0,223.0,317.0,False,MEDIUM,22.0,True,Ferrari,0 days 01:53:35.032000,2019-09-01 14:33:35.246,1,1.0,False,,False,True,17.6,52.9,968.3,False,28.8,127,2.6
0 days 01:57:12.454000,LEC,16,0 days 00:01:49.044000,44.0,2.0,,,0 days 00:00:31.054000,0 days 00:00:48.752000,0 days 00:00:29.238000,0 days 01:55:54.673000,0 days 01:56:43.425000,0 days 01:57:12.663000,330.0,196.0,223.0,316.0,False,MEDIUM,23.0,True,Ferrari,0 days 01:55:23.410000,2019-09-01 14:35:23.624,12,1.0,False,,False,True,17.6,53.4,968.3,False,28.8,34,0.7
0 days 00:36:00.289000,STR,18,0 days 00:02:33.516000,1.0,1.0,,,,0 days 00:01:14.968000,0 days 00:00:40.583000,,0 days 00:35:19.913000,0 days 00:36:00.594000,335.0,162.0,199.0,276.0,False,SOFT,1.0,True,Racing Point,0 days 00:33:26.693000,2019-09-01 13:13:26.907,124,11.0,False,,False,False,16.9,59.2,968.2,False,27.0,26,2.4
0 days 00:38:58.860000,STR,18,,2.0,1.0,,,0 days 00:01:03.617000,0 days 00:01:12.866000,0 days 00:00:42.056000,0 days 00:37:04.145000,0 days 00:38:17.023000,0 days 00:38:59.469000,240.0,135.0,198.0,89.0,False,SOFT,2.0,True,Racing Point,0 days 00:36:00.289000,2019-09-01 13:16:00.503,4,10.0,False,,False,False,17.2,58.0,968.2,False,27.7,353,2.1
0 days 00:41:57.071000,STR,18,,3.0,1.0,,,0 days 00:00:53.326000,0 days 00:01:09.917000,0 days 00:00:54.949000,0 days 00:39:52.412000,0 days 00:41:02.379000,0 days 00:41:57.323000,261.0,167.0,175.0,167.0,False,SOFT,3.0,True,Racing Point,0 days 00:38:58.860000,2019-09-01 13:18:59.074,4,10.0,False,,False,False,17.3,56.1,968.1,False,29.2,34,2.9
0 days 00:44:44.157000,STR,18,,4.0,1.0,,,0 days 00:00:44.197000,0 days 00:01:12.192000,0 days 00:00:50.798000,0 days 00:42:41.580000,0 days 00:43:53.655000,0 days 00:44:46.692000,294.0,136.0,221.0,281.0,False,SOFT,4.0,True,Racing Point,0 days 00:41:57.071000,2019-09-01 13:21:57.285,41,10.0,False,,False,False,17.5,55.2,968.2,False,28.5,4,1.9
0 days 00:46:38.238000,STR,18,0 days 00:01:54.081000,5.0,1.0,,,0 days 00:00:31.820000,0 days 00:00:52.025000,0 days 00:00:30.236000,0 days 00:45:16.184000,0 days 00:46:08.209000,0 days 00:46:38.445000,332.0,192.0,218.0,305.0,True,SOFT,5.0,True,Racing Point,0 days 00:44:44.157000,2019-09-01 13:24:44.371,1,10.0,False,,False,True,17.4,56.3,968.2,False,27.8,27,2.0
0 days 00:48:30.995000,STR,18,0 days 00:01:52.757000,6.0,1.0,,,0 days 00:00:31.670000,0 days 00:00:51.144000,0 days 00:00:29.943000,0 days 00:47:10.115000,0 days 00:48:01.259000,0 days 00:48:31.202000,328.0,194.0,217.0,307.0,True,SOFT,6.0,True,Racing Point,0 days 00:46:38.238000,2019-09-01 13:26:38.452,1,10.0,False,,False,True,17.4,56.8,968.2,False,27.3,333,1.6
0 days 00:50:23.395000,STR,18,0 days 00:01:52.400000,7.0,1.0,,,0 days 00:00:31.350000,0 days 00:00:51.074000,0 days 00:00:29.976000,0 days 00:49:02.552000,0 days 00:49:53.626000,0 days 00:50:23.602000,336.0,195.0,218.0,310.0,True,SOFT,7.0,True,Racing Point,0 days 00:48:30.995000,2019-09-01 13:28:31.209,1,10.0,False,,False,True,17.5,55.5,968.2,False,27.1,284,1.5
0 days 00:52:15.407000,STR,18,0 days 00:01:52.012000,8.0,1.0,,,0 days 00:00:31.191000,0 days 00:00:51.056000,0 days 00:00:29.765000,0 days 00:50:54.793000,0 days 00:51:45.849000,0 days 00:52:15.614000,330.0,194.0,220.0,311.0,True,SOFT,8.0,True,Racing Point,0 days 00:50:23.395000,2019-09-01 13:30:23.609,1,10.0,False,,False,True,17.2,56.8,968.2,False,26.6,222,1.5
0 days 00:54:07.230000,STR,18,0 days 00:01:51.823000,9.0,1.0,,,0 days 00:00:31.258000,0 days 00:00:50.631000,0 days 00:00:29.934000,0 days 00:52:46.872000,0 days 00:53:37.503000,0 days 00:54:07.437000,334.0,193.0,220.0,307.0,True,SOFT,9.0,True,Racing Point,0 days 00:52:15.407000,2019-09-01 13:32:15.621,1,10.0,False,,False,True,17.4,57.5,968.2,False,26.6,1,2.9
0 days 00:55:59.582000,STR,18,0 days 00:01:52.352000,10.0,1.0,,,0 days 00:00:31.370000,0 days 00:00:51.034000,0 days 00:00:29.948000,0 days 00:54:38.807000,0 days 00:55:29.841000,0 days 00:55:59.789000,332.0,195.0,220.0,306.0,False,SOFT,10.0,True,Racing Point,0 days 00:54:07.230000,2019-09-01 13:34:07.444,1,10.0,False,,False,True,17.3,57.7,968.3,False,26.8,273,0.9
0 days 00:57:51.815000,STR,18,0 days 00:01:52.233000,11.0,1.0,,,0 days 00:00:31.230000,0 days 00:00:50.987000,0 days 00:00:30.016000,0 days 00:56:31.019000,0 days 00:57:22.006000,0 days 00:57:52.022000,330.0,188.0,219.0,310.0,False,SOFT,11.0,True,Racing Point,0 days 00:55:59.582000,2019-09-01 13:35:59.796,1,10.0,False,,False,True,17.2,58.0,968.3,False,27.1,245,1.9
0 days 00:59:43.151000,STR,18,0 days 00:01:51.336000,12.0,1.0,,,0 days 00:00:31.127000,0 days 00:00:50.194000,0 days 00:00:30.015000,0 days 00:58:23.149000,0 days 00:59:13.343000,0 days 00:59:43.358000,344.0,192.0,218.0,316.0,True,SOFT,12.0,True,Racing Point,0 days 00:57:51.815000,2019-09-01 13:37:52.029,1,9.0,False,,False,True,17.3,58.4,968.2,False,27.1,16,1.6
0 days 01:01:34.002000,STR,18,0 days 00:01:50.851000,13.0,1.0,,,0 days 00:00:31.542000,0 days 00:00:49.400000,0 days 00:00:29.909000,0 days 01:00:14.900000,0 days 01:01:04.300000,0 days 01:01:34.209000,313.0,194.0,217.0,312.0,True,SOFT,13.0,True,Racing Point,0 days 00:59:43.151000,2019-09-01 13:39:43.365,1,8.0,False,,False,True,17.2,56.9,968.3,False,28.4,2,2.8
0 days 01:07:22.239000,STR,18,0 days 00:01:49.556000,16.0,2.0,,,0 days 00:00:31.002000,0 days 00:00:49.122000,0 days 00:00:29.432000,0 days 01:06:03.892000,0 days 01:06:53.014000,0 days 01:07:22.446000,323.0,196.0,222.0,314.0,True,MEDIUM,2.0,True,Racing Point,0 days 01:05:32.683000,2019-09-01 13:45:32.897,1,17.0,False,,False,True,17.7,55.6,968.3,False,29.8,0,1.9
0 days 01:09:14.096000,STR,18,0 days 00:01:51.857000,17.0,2.0,,,0 days 00:00:30.998000,0 days 00:00:50.852000,0 days 00:00:30.007000,0 days 01:07:53.444000,0 days 01:08:44.296000,0 days 01:09:14.303000,353.0,196.0,222.0,306.0,False,MEDIUM,3.0,True,Racing Point,0 days 01:07:22.239000,2019-09-01 13:47:22.453,1,16.0,False,,False,True,17.8,55.2,968.3,False,29.6,349,0.7
0 days 01:11:07.602000,STR,18,0 days 00:01:53.506000,18.0,2.0,,,0 days 00:00:31.354000,0 days 00:00:51.800000,0 days 00:00:30.352000,0 days 01:09:45.657000,0 days 01:10:37.457000,0 days 01:11:07.809000,341.0,194.0,220.0,299.0,False,MEDIUM,4.0,True,Racing Point,0 days 01:09:14.096000,2019-09-01 13:49:14.310,1,16.0,False,,False,True,17.6,56.0,968.3,False,28.2,74,1.0
0 days 01:12:58.164000,STR,18,0 days 00:01:50.562000,19.0,2.0,,,0 days 00:00:31.073000,0 days 00:00:49.703000,0 days 00:00:29.786000,0 days 01:11:38.882000,0 days 01:12:28.585000,0 days 01:12:58.371000,336.0,197.0,219.0,310.0,False,MEDIUM,5.0,True,Racing Point,0 days 01:11:07.602000,2019-09-01 13:51:07.816,1,15.0,False,,False,True,17.6,56.6,968.3,False,28.3,74,0.9
0 days 01:14:49.412000,STR,18,0 days 00:01:51.248000,20.0,2.0,,,0 days 00:00:31.355000,0 days 00:00:50.111000,0 days 00:00:29.782000,0 days 01:13:29.726000,0 days 01:14:19.837000,0 days 01:14:49.619000,318.0,196.0,221.0,311.0,False,MEDIUM,6.0,True,Racing Point,0 days 01:12:58.164000,2019-09-01 13:52:58.378,1,15.0,False,,False,True,17.9,55.3,968.3,False,28.3,5,2.2
0 days 01:16:39.449000,STR,18,0 days 00:01:50.037000,21.0,2.0,,,0 days 00:00:30.991000,0 days 00:00:49.324000,0 days 00:00:29.722000,0 days 01:15:20.610000,0 days 01:16:09.934000,0 days 01:16:39.656000,339.0,195.0,218.0,312.0,False,MEDIUM,7.0,True,Racing Point,0 days 01:14:49.412000,2019-09-01 13:54:49.626,1,14.0,False,,False,True,17.7,55.7,968.3,False,28.8,1,2.1
0 days 01:18:29.619000,STR,18,0 days 00:01:50.170000,22.0,2.0,,,0 days 00:00:31.513000,0 days 00:00:49.053000,0 days 00:00:29.604000,0 days 01:17:11.169000,0 days 01:18:00.222000,0 days 01:18:29.826000,312.0,196.0,220.0,,False,MEDIUM,8.0,True,Racing Point,0 days 01:16:39.449000,2019-09-01 13:56:39.663,1,14.0,False,,False,True,17.9,55.0,968.2,False,29.3,33,1.7
0 days 01:20:19.775000,STR,18,0 days 00:01:50.156000,23.0,2.0,,,0 days 00:00:31.352000,0 days 00:00:48.945000,0 days 00:00:29.859000,0 days 01:19:01.178000,0 days 01:19:50.123000,0 days 01:20:19.982000,317.0,191.0,219.0,,False,MEDIUM,9.0,True,Racing Point,0 days 01:18:29.619000,2019-09-01 13:58:29.833,1,14.0,False,,False,True,17.9,55.6,968.3,False,29.8,347,2.5
0 days 01:22:09.794000,STR,18,0 days 00:01:50.019000,24.0,2.0,,,0 days 00:00:31.289000,0 days 00:00:49.219000,0 days 00:00:29.511000,0 days 01:20:51.271000,0 days 01:21:40.490000,0 days 01:22:10.001000,,191.0,220.0,310.0,False,MEDIUM,10.0,True,Racing Point,0 days 01:20:19.775000,2019-09-01 14:00:19.989,1,13.0,False,,False,True,18.0,54.2,968.2,False,30.1,21,2.8
0 days 01:23:59.827000,STR,18,0 days 00:01:50.033000,25.0,2.0,,,0 days 00:00:31.427000,0 days 00:00:49.055000,0 days 00:00:29.551000,0 days 01:22:41.428000,0 days 01:23:30.483000,0 days 01:24:00.034000,312.0,194.0,219.0,311.0,False,MEDIUM,11.0,True,Racing Point,0 days 01:22:09.794000,2019-09-01 14:02:10.008,1,12.0,False,,False,True,18.0,55.5,968.2,False,30.7,234,1.7
0 days 01:25:49.571000,STR,18,0 days 00:01:49.744000,26.0,2.0,,,0 days 00:00:31.275000,0 days 00:00:48.960000,0 days 00:00:29.509000,0 days 01:24:31.309000,0 days 01:25:20.269000,0 days 01:25:49.778000,317.0,196.0,220.0,314.0,False,MEDIUM,12.0,True,Racing Point,0 days 01:23:59.827000,2019-09-01 14:04:00.041,1,12.0,False,,False,True,18.2,55.2,968.3,False,29.7,347,2.5
0 days 01:27:40.316000,STR,18,0 days 00:01:50.745000,27.0,2.0,,,0 days 00:00:31.106000,0 days 00:00:50.116000,0 days 00:00:29.523000,0 days 01:26:20.884000,0 days 01:27:11,0 days 01:27:40.523000,332.0,198.0,220.0,313.0,False,MEDIUM,13.0,True,Racing Point,0 days 01:25:49.571000,2019-09-01 14:05:49.785,1,13.0,False,,False,True,17.7,56.1,968.2,False,28.8,350,2.5
0 days 01:29:30.569000,STR,18,0 days 00:01:50.253000,28.0,2.0,,,0 days 00:00:31.088000,0 days 00:00:49.482000,0 days 00:00:29.683000,0 days 01:28:11.611000,0 days 01:29:01.093000,0 days 01:29:30.776000,,196.0,224.0,,False,MEDIUM,14.0,True,Racing Point,0 days 01:27:40.316000,2019-09-01 14:07:40.530,1,13.0,False,,False,True,17.4,57.3,968.2,False,28.3,359,2.0
0 days 01:31:20.987000,STR,18,0 days 00:01:50.418000,29.0,2.0,,,0 days 00:00:31.065000,0 days 00:00:49.406000,0 days 00:00:29.947000,0 days 01:30:01.841000,0 days 01:30:51.247000,0 days 01:31:21.194000,335.0,194.0,224.0,315.0,False,MEDIUM,15.0,True,Racing Point,0 days 01:29:30.569000,2019-09-01 14:09:30.783,1,14.0,False,,False,True,17.4,57.5,968.3,False,28.3,0,2.6
0 days 01:37:09.792000,STR,18,0 days 00:01:48.517000,32.0,3.0,,,0 days 00:00:30.933000,0 days 00:00:48.337000,0 days 00:00:29.247000,0 days 01:35:52.415000,0 days 01:36:40.752000,0 days 01:37:09.999000,319.0,200.0,221.0,316.0,True,SOFT,2.0,True,Racing Point,0 days 01:35:21.275000,2019-09-01 14:15:21.489,1,14.0,False,,False,True,17.4,57.2,968.3,False,28.9,31,2.5
0 days 01:38:58.186000,STR,18,0 days 00:01:48.394000,33.0,3.0,,,0 days 00:00:31.017000,0 days 00:00:48.197000,0 days 00:00:29.180000,0 days 01:37:41.016000,0 days 01:38:29.213000,0 days 01:38:58.393000,317.0,197.0,222.0,317.0,True,SOFT,3.0,True,Racing Point,0 days 01:37:09.792000,2019-09-01 14:17:10.006,1,14.0,False,,False,True,17.5,56.7,968.2,False,28.2,2,3.0
0 days 01:40:46.543000,STR,18,0 days 00:01:48.357000,34.0,3.0,,,0 days 00:00:30.927000,0 days 00:00:48.191000,0 days 00:00:29.239000,0 days 01:39:29.320000,0 days 01:40:17.511000,0 days 01:40:46.750000,320.0,199.0,222.0,,True,SOFT,4.0,True,Racing Point,0 days 01:38:58.186000,2019-09-01 14:18:58.400,1,14.0,False,,False,True,17.8,56.0,968.2,False,28.8,339,2.1
0 days 01:42:34.950000,STR,18,0 days 00:01:48.407000,35.0,3.0,,,0 days 00:00:30.896000,0 days 00:00:48.376000,0 days 00:00:29.135000,0 days 01:41:17.646000,0 days 01:42:06.022000,0 days 01:42:35.157000,319.0,200.0,222.0,316.0,False,SOFT,5.0,True,Racing Point,0 days 01:40:46.543000,2019-09-01 14:20:46.757,1,14.0,False,,False,True,17.6,56.0,968.3,False,27.8,3,2.7
0 days 01:44:23.512000,STR,18,0 days 00:01:48.562000,36.0,3.0,,,0 days 00:00:30.955000,0 days 00:00:48.332000,0 days 00:00:29.275000,0 days 01:43:06.112000,0 days 01:43:54.444000,0 days 01:44:23.719000,,197.0,224.0,314.0,False,SOFT,6.0,True,Racing Point,0 days 01:42:34.950000,2019-09-01 14:22:35.164,1,14.0,False,,False,True,17.5,54.5,968.3,False,28.0,308,2.6
0 days 01:46:12.582000,STR,18,0 days 00:01:49.070000,37.0,3.0,,,0 days 00:00:30.525000,0 days 00:00:49.257000,0 days 00:00:29.288000,0 days 01:44:54.244000,0 days 01:45:43.501000,0 days 01:46:12.789000,340.0,199.0,222.0,319.0,False,SOFT,7.0,True,Racing Point,0 days 01:44:23.512000,2019-09-01 14:24:23.726,1,14.0,False,,False,True,17.3,54.8,968.3,False,28.3,358,1.6
0 days 01:48:02.062000,STR,18,0 days 00:01:49.480000,38.0,3.0,,,0 days 00:00:30.906000,0 days 00:00:48.905000,0 days 00:00:29.669000,0 days 01:46:43.695000,0 days 01:47:32.600000,0 days 01:48:02.269000,323.0,200.0,223.0,313.0,False,SOFT,8.0,True,Racing Point,0 days 01:46:12.582000,2019-09-01 14:26:12.796,1,14.0,False,,False,True,17.6,54.4,968.3,False,29.5,350,1.2
0 days 01:49:52.141000,STR,18,0 days 00:01:50.079000,39.0,3.0,,,0 days 00:00:31.062000,0 days 00:00:49.325000,0 days 00:00:29.692000,0 days 01:48:33.331000,0 days 01:49:22.656000,0 days 01:49:52.348000,316.0,192.0,224.0,317.0,False,SOFT,9.0,True,Racing Point,0 days 01:48:02.062000,2019-09-01 14:28:02.276,1,14.0,False,,False,True,17.8,53.5,968.3,False,29.5,12,2.4
0 days 01:51:43.391000,STR,18,0 days 00:01:51.250000,40.0,3.0,,,0 days 00:00:30.729000,0 days 00:00:50.648000,0 days 00:00:29.873000,0 days 01:50:23.077000,0 days 01:51:13.725000,0 days 01:51:43.598000,354.0,199.0,220.0,313.0,False,SOFT,10.0,True,Racing Point,0 days 01:49:52.141000,2019-09-01 14:29:52.355,1,12.0,False,,False,True,17.9,52.0,968.3,False,28.8,356,2.5
0 days 01:53:32.543000,STR,18,0 days 00:01:49.152000,41.0,3.0,,,0 days 00:00:31.300000,0 days 00:00:48.529000,0 days 00:00:29.323000,0 days 01:52:14.898000,0 days 01:53:03.427000,0 days 01:53:32.750000,314.0,198.0,221.0,311.0,False,SOFT,11.0,True,Racing Point,0 days 01:51:43.391000,2019-09-01 14:31:43.605,1,12.0,False,,False,True,17.6,53.0,968.3,False,28.8,352,2.5
0 days 01:55:21.556000,STR,18,0 days 00:01:49.013000,42.0,3.0,,,0 days 00:00:31.204000,0 days 00:00:48.408000,0 days 00:00:29.401000,0 days 01:54:03.954000,0 days 01:54:52.362000,0 days 01:55:21.763000,,199.0,220.0,315.0,False,SOFT,12.0,True,Racing Point,0 days 01:53:32.543000,2019-09-01 14:33:32.757,1,12.0,False,,False,True,17.6,52.9,968.3,False,28.8,127,2.6
0 days 01:57:11.314000,STR,18,0 days 00:01:49.758000,43.0,3.0,,,0 days 00:00:31.247000,0 days 00:00:49.079000,0 days 00:00:29.432000,0 days 01:55:53.010000,0 days 01:56:42.089000,0 days 01:57:11.521000,320.0,201.0,222.0,312.0,False,SOFT,13.0,True,Racing Point,0 days 01:55:21.556000,2019-09-01 14:35:21.770,12,11.0,False,,False,True,17.6,53.4,968.3,False,28.8,34,0.7
0 days 01:59:02.271000,STR,18,0 days 00:01:50.957000,44.0,3.0,,,0 days 00:00:30.973000,0 days 00:00:50.408000,0 days 00:00:29.576000,0 days 01:57:42.494000,0 days 01:58:32.902000,0 days 01:59:02.478000,344.0,200.0,221.0,316.0,False,SOFT,14.0,True,Racing Point,0 days 01:57:11.314000,2019-09-01 14:37:11.528,2,10.0,False,,False,True,17.9,53.0,968.3,False,28.0,5,1.8
0 days 00:35:56.128000,MAG,20,0 days 00:02:29.294000,1.0,1.0,,,,0 days 00:01:10.229000,0 days 00:00:41.944000,,0 days 00:35:14.379000,0 days 00:35:56.445000,321.0,156.0,194.0,275.0,False,SOFT,4.0,False,Haas F1 Team,0 days 00:33:26.693000,2019-09-01 13:13:26.907,124,8.0,False,,False,False,16.9,59.2,968.2,False,27.0,26,2.4
0 days 00:38:52.858000,MAG,20,,2.0,1.0,,,0 days 00:01:03.522000,0 days 00:01:13.358000,0 days 00:00:39.879000,0 days 00:37:00.073000,0 days 00:38:13.174000,0 days 00:38:53.370000,201.0,133.0,135.0,90.0,False,SOFT,5.0,False,Haas F1 Team,0 days 00:35:56.128000,2019-09-01 13:15:56.342,4,7.0,False,,False,False,17.2,58.0,968.2,False,27.7,353,2.1
0 days 00:41:52.252000,MAG,20,,3.0,1.0,,,0 days 00:00:56,0 days 00:01:09.853000,0 days 00:00:53.580000,0 days 00:39:49.091000,0 days 00:40:58.867000,0 days 00:41:52.559000,240.0,102.0,165.0,198.0,False,SOFT,6.0,False,Haas F1 Team,0 days 00:38:52.858000,2019-09-01 13:18:53.072,4,7.0,False,,False,False,17.3,56.1,968.1,False,29.2,34,2.9
0 days 00:44:42.972000,MAG,20,,4.0,1.0,,,0 days 00:00:45.590000,0 days 00:01:12.647000,0 days 00:00:52.488000,0 days 00:42:38.150000,0 days 00:43:50.738000,0 days 00:44:44.608000,266.0,114.0,217.0,263.0,False,SOFT,7.0,False,Haas F1 Team,0 days 00:41:52.252000,2019-09-01 13:21:52.466,41,7.0,False,,False,False,17.5,55.2,968.2,False,28.5,4,1.9
0 days 00:46:36.584000,MAG,20,0 days 00:01:53.612000,5.0,1.0,,,0 days 00:00:31.815000,0 days 00:00:51.492000,0 days 00:00:30.305000,0 days 00:45:14.982000,0 days 00:46:06.474000,0 days 00:46:36.779000,318.0,192.0,215.0,311.0,True,SOFT,8.0,False,Haas F1 Team,0 days 00:44:42.972000,2019-09-01 13:24:43.186,1,7.0,False,,False,True,17.4,56.3,968.2,False,27.8,27,2.0
0 days 00:48:28.679000,MAG,20,0 days 00:01:52.095000,6.0,1.0,,,0 days 00:00:31.892000,0 days 00:00:50.150000,0 days 00:00:30.053000,0 days 00:47:08.671000,0 days 00:47:58.821000,0 days 00:48:28.874000,319.0,193.0,214.0,309.0,True,SOFT,9.0,False,Haas F1 Team,0 days 00:46:36.584000,2019-09-01 13:26:36.798,1,7.0,False,,False,True,17.4,56.8,968.2,False,27.3,333,1.6
0 days 00:50:20.917000,MAG,20,0 days 00:01:52.238000,7.0,1.0,,,0 days 00:00:32.006000,0 days 00:00:50.087000,0 days 00:00:30.145000,0 days 00:49:00.880000,0 days 00:49:50.967000,0 days 00:50:21.112000,310.0,194.0,213.0,306.0,False,SOFT,10.0,False,Haas F1 Team,0 days 00:48:28.679000,2019-09-01 13:28:28.893,1,7.0,False,,False,True,17.6,56.9,968.3,False,27.3,319,0.8
0 days 00:52:12.941000,MAG,20,0 days 00:01:52.024000,8.0,1.0,,,0 days 00:00:31.950000,0 days 00:00:49.963000,0 days 00:00:30.111000,0 days 00:50:53.062000,0 days 00:51:43.025000,0 days 00:52:13.136000,308.0,195.0,213.0,308.0,True,SOFT,11.0,False,Haas F1 Team,0 days 00:50:20.917000,2019-09-01 13:30:21.131,1,7.0,False,,False,True,17.2,56.8,968.2,False,26.6,222,1.5
0 days 00:54:05.167000,MAG,20,0 days 00:01:52.226000,9.0,1.0,,,0 days 00:00:32.105000,0 days 00:00:49.945000,0 days 00:00:30.176000,0 days 00:52:45.241000,0 days 00:53:35.186000,0 days 00:54:05.362000,311.0,193.0,214.0,307.0,False,SOFT,12.0,False,Haas F1 Team,0 days 00:52:12.941000,2019-09-01 13:32:13.155,1,7.0,False,,False,True,17.4,57.5,968.2,False,26.6,1,2.9
0 days 00:55:58.187000,MAG,20,0 days 00:01:53.020000,10.0,1.0,,,0 days 00:00:32.027000,0 days 00:00:50.993000,0 days 00:00:30,0 days 00:54:37.389000,0 days 00:55:28.382000,0 days 00:55:58.382000,320.0,195.0,215.0,305.0,False,SOFT,13.0,False,Haas F1 Team,0 days 00:54:05.167000,2019-09-01 13:34:05.381,1,8.0,False,,False,True,17.3,57.7,968.3,False,26.8,273,0.9
0 days 00:57:51.109000,MAG,20,0 days 00:01:52.922000,11.0,1.0,,,0 days 00:00:31.844000,0 days 00:00:51,0 days 00:00:30.078000,0 days 00:56:30.226000,0 days 00:57:21.226000,0 days 00:57:51.304000,308.0,195.0,215.0,308.0,False,SOFT,14.0,False,Haas F1 Team,0 days 00:55:58.187000,2019-09-01 13:35:58.401,1,9.0,False,,False,True,17.2,58.0,968.3,False,27.1,245,1.9
0 days 00:59:44.329000,MAG,20,0 days 00:01:53.220000,12.0,1.0,,,0 days 00:00:31.912000,0 days 00:00:51.290000,0 days 00:00:30.018000,0 days 00:58:23.216000,0 days 00:59:14.506000,0 days 00:59:44.524000,310.0,193.0,215.0,309.0,False,SOFT,15.0,False,Haas F1 Team,0 days 00:57:51.109000,2019-09-01 13:37:51.323,1,10.0,False,,False,True,17.3,58.4,968.2,False,27.1,16,1.6
0 days 01:01:36.771000,MAG,20,0 days 00:01:52.442000,13.0,1.0,,,0 days 00:00:31.935000,0 days 00:00:50.550000,0 days 00:00:29.957000,0 days 01:00:16.459000,0 days 01:01:07.009000,0 days 01:01:36.966000,309.0,196.0,212.0,310.0,False,SOFT,16.0,False,Haas F1 Team,0 days 00:59:44.329000,2019-09-01 13:39:44.543,1,11.0,False,,False,True,17.2,56.9,968.3,False,28.4,2,2.8
0 days 01:03:30.606000,MAG,20,0 days 00:01:53.835000,14.0,1.0,,,0 days 00:00:32.137000,0 days 00:00:51.183000,0 days 00:00:30.515000,0 days 01:02:09.103000,0 days 01:03:00.286000,0 days 01:03:30.801000,311.0,194.0,221.0,,False,SOFT,17.0,False,Haas F1 Team,0 days 01:01:36.771000,2019-09-01 13:41:36.985,1,12.0,False,,False,True,17.5,56.8,968.3,False,29.2,203,2.1
0 days 01:05:23.051000,MAG,20,0 days 00:01:52.445000,15.0,1.0,,,0 days 00:00:31.867000,0 days 00:00:50.659000,0 days 00:00:29.919000,0 days 01:04:02.668000,0 days 01:04:53.327000,0 days 01:05:23.246000,340.0,192.0,215.0,301.0,False,SOFT,18.0,False,Haas F1 Team,0 days 01:03:30.606000,2019-09-01 13:43:30.820,1,11.0,False,,False,True,17.7,54.5,968.2,False,29.6,183,1.4
0 days 01:07:16.161000,MAG,20,0 days 00:01:53.110000,16.0,1.0,,,0 days 00:00:31.927000,0 days 00:00:51.149000,0 days 00:00:30.034000,0 days 01:05:55.173000,0 days 01:06:46.322000,0 days 01:07:16.356000,313.0,188.0,214.0,308.0,False,SOFT,19.0,False,Haas F1 Team,0 days 01:05:23.051000,2019-09-01 13:45:23.265,1,11.0,False,,False,True,17.8,54.7,968.3,False,29.8,267,2.5
0 days 01:09:08.283000,MAG,20,0 days 00:01:52.122000,17.0,1.0,,,0 days 00:00:32.101000,0 days 00:00:49.891000,0 days 00:00:30.130000,0 days 01:07:48.457000,0 days 01:08:38.348000,0 days 01:09:08.478000,303.0,192.0,214.0,306.0,False,SOFT,20.0,False,Haas F1 Team,0 days 01:07:16.161000,2019-09-01 13:47:16.375,1,10.0,False,,False,True,17.8,55.2,968.3,False,29.6,349,0.7
0 days 01:11:02.817000,MAG,20,0 days 00:01:54.534000,18.0,1.0,,,0 days 00:00:33.444000,0 days 00:00:50.665000,0 days 00:00:30.425000,0 days 01:09:41.922000,0 days 01:10:32.587000,0 days 01:11:03.012000,298.0,192.0,210.0,275.0,False,SOFT,21.0,False,Haas F1 Team,0 days 01:09:08.283000,2019-09-01 13:49:08.497,1,13.0,False,,False,True,17.6,56.0,968.3,False,28.2,74,1.0
0 days 01:12:56.262000,MAG,20,0 days 00:01:53.445000,19.0,1.0,,,0 days 00:00:31.688000,0 days 00:00:51.598000,0 days 00:00:30.159000,0 days 01:11:34.700000,0 days 01:12:26.298000,0 days 01:12:56.457000,337.0,195.0,215.0,306.0,False,SOFT,22.0,False,Haas F1 Team,0 days 01:11:02.817000,2019-09-01 13:51:03.031,1,13.0,False,,False,True,17.6,56.6,968.3,False,28.3,74,0.9
0 days 01:14:48.744000,MAG,20,0 days 00:01:52.482000,20.0,1.0,,,0 days 00:00:32.046000,0 days 00:00:50.496000,0 days 00:00:29.940000,0 days 01:13:28.503000,0 days 01:14:18.999000,0 days 01:14:48.939000,319.0,194.0,215.0,301.0,False,SOFT,23.0,False,Haas F1 Team,0 days 01:12:56.262000,2019-09-01 13:52:56.476,1,14.0,False,,False,True,17.9,55.3,968.3,False,28.3,5,2.2
0 days 01:16:41.409000,MAG,20,0 days 00:01:52.665000,21.0,1.0,,,0 days 00:00:31.922000,0 days 00:00:50.698000,0 days 00:00:30.045000,0 days 01:15:20.861000,0 days 01:16:11.559000,0 days 01:16:41.604000,317.0,195.0,215.0,311.0,False,SOFT,24.0,False,Haas F1 Team,0 days 01:14:48.744000,2019-09-01 13:54:48.958,1,15.0,False,,False,True,17.7,55.7,968.3,False,28.8,1,2.1
0 days 01:18:32.829000,MAG,20,0 days 00:01:51.420000,22.0,1.0,,,0 days 00:00:31.975000,0 days 00:00:49.327000,0 days 00:00:30.118000,0 days 01:17:13.579000,0 days 01:18:02.906000,0 days 01:18:33.024000,309.0,191.0,213.0,304.0,True,SOFT,25.0,False,Haas F1 Team,0 days 01:16:41.409000,2019-09-01 13:56:41.623,1,15.0,False,,False,True,17.9,55.0,968.2,False,29.3,33,1.7
0 days 01:20:24.202000,MAG,20,0 days 00:01:51.373000,23.0,1.0,,,0 days 00:00:32.035000,0 days 00:00:49.304000,0 days 00:00:30.034000,0 days 01:19:05.059000,0 days 01:19:54.363000,0 days 01:20:24.397000,312.0,190.0,215.0,,True,SOFT,26.0,False,Haas F1 Team,0 days 01:18:32.829000,2019-09-01 13:58:33.043,1,15.0,False,,False,True,18.0,54.6,968.3,False,29.9,22,0.9
0 days 01:22:16.136000,MAG,20,0 days 00:01:51.934000,24.0,1.0,,,0 days 00:00:32.080000,0 days 00:00:49.097000,0 days 00:00:30.757000,0 days 01:20:56.477000,0 days 01:21:45.574000,0 days 01:22:16.331000,311.0,192.0,215.0,,False,SOFT,27.0,False,Haas F1 Team,0 days 01:20:24.202000,2019-09-01 14:00:24.416,1,15.0,False,,False,True,18.0,54.2,968.2,False,30.1,21,2.8
0 days 01:28:04.466000,MAG,20,0 days 00:01:48.744000,27.0,2.0,,,0 days 00:00:31.404000,0 days 00:00:47.794000,0 days 00:00:29.546000,0 days 01:26:47.321000,0 days 01:27:35.115000,0 days 01:28:04.661000,307.0,202.0,224.0,307.0,True,MEDIUM,2.0,True,Haas F1 Team,0 days 01:26:15.722000,2019-09-01 14:06:15.936,1,18.0,False,,False,True,17.7,56.1,968.2,False,28.8,350,2.5
0 days 01:29:54.351000,MAG,20,0 days 00:01:49.885000,28.0,2.0,,,0 days 00:00:31.924000,0 days 00:00:48.166000,0 days 00:00:29.795000,0 days 01:28:36.585000,0 days 01:29:24.751000,0 days 01:29:54.546000,324.0,199.0,218.0,280.0,False,MEDIUM,3.0,True,Haas F1 Team,0 days 01:28:04.466000,2019-09-01 14:08:04.680,1,17.0,False,,False,True,17.4,57.3,968.2,False,28.3,359,2.0
0 days 01:31:45.258000,MAG,20,0 days 00:01:50.907000,29.0,2.0,,,0 days 00:00:31.489000,0 days 00:00:49.437000,0 days 00:00:29.981000,0 days 01:30:26.035000,0 days 01:31:15.472000,0 days 01:31:45.453000,326.0,191.0,221.0,308.0,False,MEDIUM,4.0,True,Haas F1 Team,0 days 01:29:54.351000,2019-09-01 14:09:54.565,1,15.0,False,,False,True,17.4,57.2,968.3,False,28.4,329,2.5
0 days 01:33:34.542000,MAG,20,0 days 00:01:49.284000,30.0,2.0,,,0 days 00:00:31.720000,0 days 00:00:47.667000,0 days 00:00:29.897000,0 days 01:32:17.173000,0 days 01:33:04.840000,0 days 01:33:34.737000,306.0,198.0,218.0,304.0,False,MEDIUM,5.0,True,Haas F1 Team,0 days 01:31:45.258000,2019-09-01 14:11:45.472,1,15.0,False,,False,True,17.6,56.5,968.3,False,28.9,310,2.7
0 days 01:35:23.241000,MAG,20,0 days 00:01:48.699000,31.0,2.0,,,0 days 00:00:31.500000,0 days 00:00:47.670000,0 days 00:00:29.529000,0 days 01:34:06.237000,0 days 01:34:53.907000,0 days 01:35:23.436000,314.0,201.0,218.0,308.0,True,MEDIUM,6.0,True,Haas F1 Team,0 days 01:33:34.542000,2019-09-01 14:13:34.756,1,15.0,False,,False,True,17.6,56.5,968.2,False,29.4,66,3.8
0 days 01:37:11.988000,MAG,20,0 days 00:01:48.747000,32.0,2.0,,,0 days 00:00:31.490000,0 days 00:00:47.693000,0 days 00:00:29.564000,0 days 01:35:54.926000,0 days 01:36:42.619000,0 days 01:37:12.183000,313.0,197.0,219.0,307.0,False,MEDIUM,7.0,True,Haas F1 Team,0 days 01:35:23.241000,2019-09-01 14:15:23.455,1,15.0,False,,False,True,17.4,57.2,968.3,False,28.9,31,2.5
0 days 01:39:00.665000,MAG,20,0 days 00:01:48.677000,33.0,2.0,,,0 days 00:00:31.539000,0 days 00:00:47.583000,0 days 00:00:29.555000,0 days 01:37:43.722000,0 days 01:38:31.305000,0 days 01:39:00.860000,,196.0,218.0,,True,MEDIUM,8.0,True,Haas F1 Team,0 days 01:37:11.988000,2019-09-01 14:17:12.202,1,15.0,False,,False,True,17.5,56.7,968.2,False,28.2,2,3.0
0 days 01:40:49.711000,MAG,20,0 days 00:01:49.046000,34.0,2.0,,,0 days 00:00:31.485000,0 days 00:00:47.790000,0 days 00:00:29.771000,0 days 01:39:32.345000,0 days 01:40:20.135000,0 days 01:40:49.906000,314.0,193.0,218.0,309.0,False,MEDIUM,9.0,True,Haas F1 Team,0 days 01:39:00.665000,2019-09-01 14:19:00.879,1,15.0,False,,False,True,17.8,56.0,968.2,False,28.8,339,2.1
0 days 01:42:38.433000,MAG,20,0 days 00:01:48.722000,35.0,2.0,,,0 days 00:00:31.605000,0 days 00:00:47.608000,0 days 00:00:29.509000,0 days 01:41:21.511000,0 days 01:42:09.119000,0 days 01:42:38.628000,,196.0,218.0,308.0,False,MEDIUM,10.0,True,Haas F1 Team,0 days 01:40:49.711000,2019-09-01 14:20:49.925,1,15.0,False,,False,True,17.6,56.0,968.3,False,27.8,3,2.7
0 days 01:44:27.269000,MAG,20,0 days 00:01:48.836000,36.0,2.0,,,0 days 00:00:31.560000,0 days 00:00:47.626000,0 days 00:00:29.650000,0 days 01:43:10.188000,0 days 01:43:57.814000,0 days 01:44:27.464000,313.0,194.0,219.0,307.0,False,MEDIUM,11.0,True,Haas F1 Team,0 days 01:42:38.433000,2019-09-01 14:22:38.647,1,15.0,False,,False,True,17.5,54.5,968.3,False,28.0,308,2.6
0 days 01:46:16.353000,MAG,20,0 days 00:01:49.084000,37.0,2.0,,,0 days 00:00:31.608000,0 days 00:00:47.785000,0 days 00:00:29.691000,0 days 01:44:59.072000,0 days 01:45:46.857000,0 days 01:46:16.548000,,196.0,218.0,,False,MEDIUM,12.0,True,Haas F1 Team,0 days 01:44:27.269000,2019-09-01 14:24:27.483,1,15.0,False,,False,True,17.3,54.8,968.3,False,28.3,358,1.6
0 days 01:48:05.558000,MAG,20,0 days 00:01:49.205000,38.0,2.0,,,0 days 00:00:31.629000,0 days 00:00:47.844000,0 days 00:00:29.732000,0 days 01:46:48.177000,0 days 01:47:36.021000,0 days 01:48:05.753000,311.0,194.0,218.0,305.0,False,MEDIUM,13.0,True,Haas F1 Team,0 days 01:46:16.353000,2019-09-01 14:26:16.567,1,15.0,False,,False,True,17.6,54.4,968.3,False,29.5,350,1.2
0 days 01:49:55.071000,MAG,20,0 days 00:01:49.513000,39.0,2.0,,,0 days 00:00:31.681000,0 days 00:00:48.127000,0 days 00:00:29.705000,0 days 01:48:37.434000,0 days 01:49:25.561000,0 days 01:49:55.266000,,194.0,219.0,307.0,False,MEDIUM,14.0,True,Haas F1 Team,0 days 01:48:05.558000,2019-09-01 14:28:05.772,1,15.0,False,,False,True,17.8,53.5,968.3,False,29.5,12,2.4
0 days 01:51:45.944000,MAG,20,0 days 00:01:50.873000,40.0,2.0,,,0 days 00:00:31.485000,0 days 00:00:49.142000,0 days 00:00:30.246000,0 days 01:50:26.751000,0 days 01:51:15.893000,0 days 01:51:46.139000,317.0,192.0,180.0,310.0,False,MEDIUM,15.0,True,Haas F1 Team,0 days 01:49:55.071000,2019-09-01 14:29:55.285,1,15.0,False,,False,True,17.9,52.0,968.3,False,28.8,356,2.5
0 days 01:53:39.469000,MAG,20,0 days 00:01:53.525000,41.0,2.0,,,0 days 00:00:32.220000,0 days 00:00:51.542000,0 days 00:00:29.763000,0 days 01:52:18.359000,0 days 01:53:09.901000,0 days 01:53:39.664000,326.0,196.0,221.0,305.0,False,MEDIUM,16.0,True,Haas F1 Team,0 days 01:51:45.944000,2019-09-01 14:31:46.158,1,14.0,False,,False,True,17.6,53.0,968.3,False,28.8,352,2.5
0 days 01:55:29.317000,MAG,20,0 days 00:01:49.848000,42.0,2.0,,,0 days 00:00:32.169000,0 days 00:00:48.035000,0 days 00:00:29.644000,0 days 01:54:11.833000,0 days 01:54:59.868000,0 days 01:55:29.512000,305.0,196.0,219.0,303.0,False,MEDIUM,17.0,True,Haas F1 Team,0 days 01:53:39.469000,2019-09-01 14:33:39.683,1,13.0,False,,False,True,17.6,52.9,968.3,False,28.8,127,2.6
0 days 01:57:19.171000,MAG,20,0 days 00:01:49.854000,43.0,2.0,,,0 days 00:00:31.753000,0 days 00:00:48.308000,0 days 00:00:29.793000,0 days 01:56:01.265000,0 days 01:56:49.573000,0 days 01:57:19.366000,313.0,198.0,218.0,306.0,False,MEDIUM,18.0,True,Haas F1 Team,0 days 01:55:29.317000,2019-09-01 14:35:29.531,12,12.0,False,,False,True,17.6,53.4,968.3,False,28.8,34,0.7
0 days 00:36:04.929000,ALB,23,0 days 00:02:38.022000,1.0,1.0,,,,0 days 00:01:18.817000,0 days 00:00:40.539000,,0 days 00:35:24.726000,0 days 00:36:05.092000,333.0,171.0,200.0,280.0,False,MEDIUM,1.0,True,Red Bull Racing,0 days 00:33:26.693000,2019-09-01 13:13:26.907,124,14.0,False,,False,False,16.9,59.2,968.2,False,27.0,26,2.4
0 days 00:39:03.945000,ALB,23,,2.0,1.0,,,0 days 00:01:02.942000,0 days 00:01:12.490000,0 days 00:00:43.686000,0 days 00:37:07.932000,0 days 00:38:20.470000,0 days 00:39:04.542000,212.0,142.0,188.0,113.0,False,MEDIUM,2.0,True,Red Bull Racing,0 days 00:36:04.929000,2019-09-01 13:16:05.143,4,13.0,False,,False,False,17.2,58.0,968.2,False,27.7,353,2.1
0 days 00:42:01.842000,ALB,23,,3.0,1.0,,,0 days 00:00:55.066000,0 days 00:01:09.137000,0 days 00:00:53.584000,0 days 00:39:59.396000,0 days 00:41:08.421000,0 days 00:42:02.203000,272.0,134.0,198.0,170.0,False,MEDIUM,3.0,True,Red Bull Racing,0 days 00:39:03.945000,2019-09-01 13:19:04.159,4,13.0,False,,False,False,17.3,56.1,968.1,False,29.2,34,2.9
0 days 00:44:45.897000,ALB,23,,4.0,1.0,,,0 days 00:00:44.814000,0 days 00:01:10.953000,0 days 00:00:48.451000,0 days 00:42:46.720000,0 days 00:43:57.702000,0 days 00:44:48.819000,297.0,181.0,216.0,280.0,False,MEDIUM,4.0,True,Red Bull Racing,0 days 00:42:01.842000,2019-09-01 13:22:02.056,41,13.0,False,,False,False,17.5,55.2,968.2,False,28.5,4,1.9
0 days 00:46:40.620000,ALB,23,0 days 00:01:54.723000,5.0,1.0,,,0 days 00:00:31.589000,0 days 00:00:52.903000,0 days 00:00:30.231000,0 days 00:45:17.649000,0 days 00:46:10.552000,0 days 00:46:40.783000,338.0,192.0,217.0,316.0,True,MEDIUM,5.0,True,Red Bull Racing,0 days 00:44:45.897000,2019-09-01 13:24:46.111,1,14.0,False,,False,True,17.4,56.3,968.2,False,27.8,27,2.0
0 days 00:48:33.823000,ALB,23,0 days 00:01:53.203000,6.0,1.0,,,0 days 00:00:31.499000,0 days 00:00:51.667000,0 days 00:00:30.037000,0 days 00:47:12.282000,0 days 00:48:03.949000,0 days 00:48:33.986000,334.0,183.0,215.0,315.0,True,MEDIUM,6.0,True,Red Bull Racing,0 days 00:46:40.620000,2019-09-01 13:26:40.834,1,14.0,False,,False,True,17.4,56.8,968.2,False,27.3,333,1.6
0 days 00:50:26.469000,ALB,23,0 days 00:01:52.646000,7.0,1.0,,,0 days 00:00:31.394000,0 days 00:00:51.143000,0 days 00:00:30.109000,0 days 00:49:05.380000,0 days 00:49:56.523000,0 days 00:50:26.632000,343.0,186.0,216.0,314.0,True,MEDIUM,7.0,True,Red Bull Racing,0 days 00:48:33.823000,2019-09-01 13:28:34.037,1,14.0,False,,False,True,17.5,55.5,968.2,False,27.1,284,1.5
0 days 00:52:18.344000,ALB,23,0 days 00:01:51.875000,8.0,1.0,,,0 days 00:00:30.848000,0 days 00:00:51.163000,0 days 00:00:29.864000,0 days 00:50:57.480000,0 days 00:51:48.643000,0 days 00:52:18.507000,347.0,189.0,216.0,319.0,True,MEDIUM,8.0,True,Red Bull Racing,0 days 00:50:26.469000,2019-09-01 13:30:26.683,1,14.0,False,,False,True,17.2,56.8,968.2,False,26.6,222,1.5
0 days 00:54:09.992000,ALB,23,0 days 00:01:51.648000,9.0,1.0,,,0 days 00:00:31.166000,0 days 00:00:50.573000,0 days 00:00:29.909000,0 days 00:52:49.673000,0 days 00:53:40.246000,0 days 00:54:10.155000,337.0,190.0,217.0,315.0,True,MEDIUM,9.0,True,Red Bull Racing,0 days 00:52:18.344000,2019-09-01 13:32:18.558,1,14.0,False,,False,True,17.4,57.5,968.2,False,26.6,1,2.9
0 days 00:56:02.041000,ALB,23,0 days 00:01:52.049000,10.0,1.0,,,0 days 00:00:31.225000,0 days 00:00:50.774000,0 days 00:00:30.050000,0 days 00:54:41.380000,0 days 00:55:32.154000,0 days 00:56:02.204000,336.0,184.0,217.0,313.0,False,MEDIUM,10.0,True,Red Bull Racing,0 days 00:54:09.992000,2019-09-01 13:34:10.206,1,14.0,False,,False,True,17.3,57.7,968.3,False,26.8,273,0.9
0 days 00:57:54.413000,ALB,23,0 days 00:01:52.372000,11.0,1.0,,,0 days 00:00:31.087000,0 days 00:00:51.327000,0 days 00:00:29.958000,0 days 00:56:33.291000,0 days 00:57:24.618000,0 days 00:57:54.576000,343.0,183.0,215.0,314.0,False,MEDIUM,11.0,True,Red Bull Racing,0 days 00:56:02.041000,2019-09-01 13:36:02.255,1,13.0,False,,False,True,17.2,58.0,968.3,False,27.1,245,1.9
0 days 00:59:46.536000,ALB,23,0 days 00:01:52.123000,12.0,1.0,,,0 days 00:00:31.175000,0 days 00:00:50.731000,0 days 00:00:30.217000,0 days 00:58:25.751000,0 days 00:59:16.482000,0 days 00:59:46.699000,335.0,194.0,213.0,,False,MEDIUM,12.0,True,Red Bull Racing,0 days 00:57:54.413000,2019-09-01 13:37:54.627,1,13.0,False,,False,True,17.3,58.4,968.2,False,27.1,16,1.6
0 days 01:01:38.324000,ALB,23,0 days 00:01:51.788000,13.0,1.0,,,0 days 00:00:31.257000,0 days 00:00:50.695000,0 days 00:00:29.836000,0 days 01:00:17.956000,0 days 01:01:08.651000,0 days 01:01:38.487000,340.0,194.0,217.0,,False,MEDIUM,13.0,True,Red Bull Racing,0 days 00:59:46.536000,2019-09-01 13:39:46.750,1,13.0,False,,False,True,17.2,56.9,968.3,False,28.4,2,2.8
0 days 01:03:30.384000,ALB,23,0 days 00:01:52.060000,14.0,1.0,,,0 days 00:00:31.241000,0 days 00:00:51.265000,0 days 00:00:29.554000,0 days 01:02:09.728000,0 days 01:03:00.993000,0 days 01:03:30.547000,337.0,191.0,216.0,,False,MEDIUM,14.0,True,Red Bull Racing,0 days 01:01:38.324000,2019-09-01 13:41:38.538,1,11.0,False,,False,True,17.5,56.8,968.3,False,29.2,203,2.1
0 days 01:05:21.052000,ALB,23,0 days 00:01:50.668000,15.0,1.0,,,0 days 00:00:31.688000,0 days 00:00:49.241000,0 days 00:00:29.739000,0 days 01:04:02.235000,0 days 01:04:51.476000,0 days 01:05:21.215000,319.0,196.0,215.0,310.0,True,MEDIUM,15.0,True,Red Bull Racing,0 days 01:03:30.384000,2019-09-01 13:43:30.598,1,10.0,False,,False,True,17.7,54.5,968.2,False,29.6,183,1.4
0 days 01:07:11.978000,ALB,23,0 days 00:01:50.926000,16.0,1.0,,,0 days 00:00:31.728000,0 days 00:00:49.395000,0 days 00:00:29.803000,0 days 01:05:52.943000,0 days 01:06:42.338000,0 days 01:07:12.141000,311.0,189.0,215.0,312.0,False,MEDIUM,16.0,True,Red Bull Racing,0 days 01:05:21.052000,2019-09-01 13:45:21.266,1,9.0,False,,False,True,17.8,54.7,968.3,False,29.8,267,2.5
0 days 01:09:02.265000,ALB,23,0 days 00:01:50.287000,17.0,1.0,,,0 days 00:00:31.627000,0 days 00:00:49.072000,0 days 00:00:29.588000,0 days 01:07:43.768000,0 days 01:08:32.840000,0 days 01:09:02.428000,313.0,193.0,215.0,313.0,True,MEDIUM,17.0,True,Red Bull Racing,0 days 01:07:11.978000,2019-09-01 13:47:12.192,1,8.0,False,,False,True,17.8,55.2,968.3,False,29.6,349,0.7
0 days 01:10:53.226000,ALB,23,0 days 00:01:50.961000,18.0,1.0,,,0 days 00:00:31.474000,0 days 00:00:49.824000,0 days 00:00:29.663000,0 days 01:09:33.902000,0 days 01:10:23.726000,0 days 01:10:53.389000,315.0,182.0,216.0,,False,MEDIUM,18.0,True,Red Bull Racing,0 days 01:09:02.265000,2019-09-01 13:49:02.479,1,8.0,False,,False,True,17.6,56.0,968.3,False,28.2,74,1.0
0 days 01:12:44.189000,ALB,23,0 days 00:01:50.963000,19.0,1.0,,,0 days 00:00:31.524000,0 days 00:00:49.486000,0 days 00:00:29.953000,0 days 01:11:24.913000,0 days 01:12:14.399000,0 days 01:12:44.352000,,197.0,217.0,311.0,False,MEDIUM,19.0,True,Red Bull Racing,0 days 01:10:53.226000,2019-09-01 13:50:53.440,1,8.0,False,,False,True,17.6,56.6,968.3,False,28.3,74,0.9
0 days 01:14:35.149000,ALB,23,0 days 00:01:50.960000,20.0,1.0,,,0 days 00:00:31.310000,0 days 00:00:49.933000,0 days 00:00:29.717000,0 days 01:13:15.662000,0 days 01:14:05.595000,0 days 01:14:35.312000,322.0,189.0,219.0,315.0,False,MEDIUM,20.0,True,Red Bull Racing,0 days 01:12:44.189000,2019-09-01 13:52:44.403,1,8.0,False,,False,True,17.9,55.3,968.3,False,28.3,5,2.2
0 days 01:16:25.718000,ALB,23,0 days 00:01:50.569000,21.0,1.0,,,0 days 00:00:31.096000,0 days 00:00:49.937000,0 days 00:00:29.536000,0 days 01:15:06.408000,0 days 01:15:56.345000,0 days 01:16:25.881000,342.0,196.0,218.0,316.0,False,MEDIUM,21.0,True,Red Bull Racing,0 days 01:14:35.149000,2019-09-01 13:54:35.363,1,8.0,False,,False,True,17.7,55.7,968.3,False,28.8,1,2.1
0 days 01:18:17.170000,ALB,23,0 days 00:01:51.452000,22.0,1.0,,,0 days 00:00:31.845000,0 days 00:00:49.623000,0 days 00:00:29.984000,0 days 01:16:57.726000,0 days 01:17:47.349000,0 days 01:18:17.333000,316.0,193.0,218.0,312.0,False,MEDIUM,22.0,True,Red Bull Racing,0 days 01:16:25.718000,2019-09-01 13:56:25.932,1,8.0,False,,False,True,17.8,55.9,968.3,False,29.0,357,2.6
0 days 01:24:03.173000,ALB,23,0 days 00:01:47.952000,25.0,2.0,,,0 days 00:00:31.025000,0 days 00:00:47.929000,0 days 00:00:28.998000,0 days 01:22:46.409000,0 days 01:23:34.338000,0 days 01:24:03.336000,322.0,201.0,220.0,314.0,True,SOFT,2.0,True,Red Bull Racing,0 days 01:22:15.221000,2019-09-01 14:02:15.435,1,14.0,False,,False,True,18.0,55.5,968.2,False,30.7,234,1.7
0 days 01:25:51.365000,ALB,23,0 days 00:01:48.192000,26.0,2.0,,,0 days 00:00:31.026000,0 days 00:00:48.043000,0 days 00:00:29.123000,0 days 01:24:34.362000,0 days 01:25:22.405000,0 days 01:25:51.528000,320.0,200.0,220.0,316.0,False,SOFT,3.0,True,Red Bull Racing,0 days 01:24:03.173000,2019-09-01 14:04:03.387,1,14.0,False,,False,True,18.2,55.2,968.3,False,29.7,347,2.5
0 days 01:27:40.853000,ALB,23,0 days 00:01:49.488000,27.0,2.0,,,0 days 00:00:30.987000,0 days 00:00:48.997000,0 days 00:00:29.504000,0 days 01:26:22.515000,0 days 01:27:11.512000,0 days 01:27:41.016000,321.0,198.0,220.0,,False,SOFT,4.0,True,Red Bull Racing,0 days 01:25:51.365000,2019-09-01 14:05:51.579,1,14.0,False,,False,True,17.7,56.1,968.2,False,28.8,350,2.5
0 days 01:29:31.191000,ALB,23,0 days 00:01:50.338000,28.0,2.0,,,0 days 00:00:30.704000,0 days 00:00:49.846000,0 days 00:00:29.788000,0 days 01:28:11.720000,0 days 01:29:01.566000,0 days 01:29:31.354000,348.0,196.0,221.0,319.0,False,SOFT,5.0,True,Red Bull Racing,0 days 01:27:40.853000,2019-09-01 14:07:41.067,1,14.0,False,,False,True,17.4,57.3,968.2,False,28.3,359,2.0
0 days 01:31:20.874000,ALB,23,0 days 00:01:49.683000,29.0,2.0,,,0 days 00:00:30.765000,0 days 00:00:49.597000,0 days 00:00:29.321000,0 days 01:30:02.119000,0 days 01:30:51.716000,0 days 01:31:21.037000,342.0,191.0,219.0,,False,SOFT,6.0,True,Red Bull Racing,0 days 01:29:31.191000,2019-09-01 14:09:31.405,1,13.0,False,,False,True,17.4,57.2,968.3,False,28.4,329,2.5
0 days 01:33:10.353000,ALB,23,0 days 00:01:49.479000,30.0,2.0,,,0 days 00:00:30.953000,0 days 00:00:49.108000,0 days 00:00:29.418000,0 days 01:31:51.990000,0 days 01:32:41.098000,0 days 01:33:10.516000,324.0,196.0,223.0,314.0,False,SOFT,7.0,True,Red Bull Racing,0 days 01:31:20.874000,2019-09-01 14:11:21.088,1,12.0,False,,False,True,17.5,57.6,968.3,False,28.4,7,2.2
0 days 01:34:59.691000,ALB,23,0 days 00:01:49.338000,31.0,2.0,,,0 days 00:00:30.722000,0 days 00:00:48.987000,0 days 00:00:29.629000,0 days 01:33:41.238000,0 days 01:34:30.225000,0 days 01:34:59.854000,349.0,196.0,225.0,321.0,False,SOFT,8.0,True,Red Bull Racing,0 days 01:33:10.353000,2019-09-01 14:13:10.567,1,11.0,False,,False,True,17.7,56.7,968.3,False,29.4,14,2.6
0 days 01:36:49.660000,ALB,23,0 days 00:01:49.969000,32.0,2.0,,,0 days 00:00:30.952000,0 days 00:00:49.460000,0 days 00:00:29.557000,0 days 01:35:30.806000,0 days 01:36:20.266000,0 days 01:36:49.823000,337.0,198.0,221.0,310.0,False,SOFT,9.0,True,Red Bull Racing,0 days 01:34:59.691000,2019-09-01 14:14:59.905,1,10.0,False,,False,True,17.4,57.2,968.3,False,28.9,31,2.5
0 days 01:38:39.808000,ALB,23,0 days 00:01:50.148000,33.0,2.0,,,0 days 00:00:30.643000,0 days 00:00:49.824000,0 days 00:00:29.681000,0 days 01:37:20.466000,0 days 01:38:10.290000,0 days 01:38:39.971000,344.0,196.0,222.0,320.0,False,SOFT,10.0,True,Red Bull Racing,0 days 01:36:49.660000,2019-09-01 14:16:49.874,1,9.0,False,,False,True,17.5,56.7,968.2,False,28.2,2,3.0
0 days 01:40:29.829000,ALB,23,0 days 00:01:50.021000,34.0,2.0,,,0 days 00:00:30.919000,0 days 00:00:49.612000,0 days 00:00:29.490000,0 days 01:39:10.890000,0 days 01:40:00.502000,0 days 01:40:29.992000,342.0,199.0,218.0,321.0,False,SOFT,11.0,True,Red Bull Racing,0 days 01:38:39.808000,2019-09-01 14:18:40.022,1,8.0,False,,False,True,17.8,56.0,968.2,False,28.8,339,2.1
0 days 01:42:18.281000,ALB,23,0 days 00:01:48.452000,35.0,2.0,,,0 days 00:00:31.225000,0 days 00:00:47.941000,0 days 00:00:29.286000,0 days 01:41:01.217000,0 days 01:41:49.158000,0 days 01:42:18.444000,313.0,197.0,220.0,315.0,False,SOFT,12.0,True,Red Bull Racing,0 days 01:40:29.829000,2019-09-01 14:20:30.043,1,8.0,False,,False,True,17.7,55.9,968.2,False,28.8,3,1.9
0 days 01:44:06.510000,ALB,23,0 days 00:01:48.229000,36.0,2.0,,,0 days 00:00:31.015000,0 days 00:00:47.899000,0 days 00:00:29.315000,0 days 01:42:49.459000,0 days 01:43:37.358000,0 days 01:44:06.673000,316.0,200.0,220.0,316.0,False,SOFT,13.0,True,Red Bull Racing,0 days 01:42:18.281000,2019-09-01 14:22:18.495,1,8.0,False,,False,True,17.5,55.6,968.2,False,27.8,10,2.3
0 days 01:45:54.137000,ALB,23,0 days 00:01:47.627000,37.0,2.0,,,0 days 00:00:30.705000,0 days 00:00:47.502000,0 days 00:00:29.420000,0 days 01:44:37.378000,0 days 01:45:24.880000,0 days 01:45:54.300000,333.0,195.0,218.0,318.0,True,SOFT,14.0,True,Red Bull Racing,0 days 01:44:06.510000,2019-09-01 14:24:06.724,1,7.0,False,,False,True,17.3,54.8,968.3,False,28.3,358,1.6
0 days 01:47:42.091000,ALB,23,0 days 00:01:47.954000,38.0,2.0,,,0 days 00:00:31.415000,0 days 00:00:47.211000,0 days 00:00:29.328000,0 days 01:46:25.715000,0 days 01:47:12.926000,0 days 01:47:42.254000,310.0,199.0,219.0,310.0,False,SOFT,15.0,True,Red Bull Racing,0 days 01:45:54.137000,2019-09-01 14:25:54.351,1,7.0,False,,False,True,17.6,54.4,968.3,False,29.5,350,1.2
0 days 01:49:29.915000,ALB,23,0 days 00:01:47.824000,39.0,2.0,,,0 days 00:00:31.363000,0 days 00:00:47.206000,0 days 00:00:29.255000,0 days 01:48:13.617000,0 days 01:49:00.823000,0 days 01:49:30.078000,312.0,195.0,218.0,311.0,False,SOFT,16.0,True,Red Bull Racing,0 days 01:47:42.091000,2019-09-01 14:27:42.305,1,7.0,False,,False,True,17.8,53.5,968.3,False,29.5,12,2.4
0 days 01:51:17.640000,ALB,23,0 days 00:01:47.725000,40.0,2.0,,,0 days 00:00:31.225000,0 days 00:00:47.206000,0 days 00:00:29.294000,0 days 01:50:01.303000,0 days 01:50:48.509000,0 days 01:51:17.803000,311.0,204.0,219.0,313.0,False,SOFT,17.0,True,Red Bull Racing,0 days 01:49:29.915000,2019-09-01 14:29:30.129,1,7.0,False,,False,True,17.9,53.0,968.3,False,28.9,2,1.9
0 days 01:53:05.147000,ALB,23,0 days 00:01:47.507000,41.0,2.0,,,0 days 00:00:31.274000,0 days 00:00:47.036000,0 days 00:00:29.197000,0 days 01:51:49.077000,0 days 01:52:36.113000,0 days 01:53:05.310000,312.0,202.0,220.0,310.0,True,SOFT,18.0,True,Red Bull Racing,0 days 01:51:17.640000,2019-09-01 14:31:17.854,1,7.0,False,,False,True,17.8,52.4,968.3,False,28.8,2,1.8
0 days 01:54:53.232000,ALB,23,0 days 00:01:48.085000,42.0,2.0,,,0 days 00:00:31.073000,0 days 00:00:47.638000,0 days 00:00:29.374000,0 days 01:53:36.383000,0 days 01:54:24.021000,0 days 01:54:53.395000,319.0,202.0,222.0,315.0,False,SOFT,19.0,True,Red Bull Racing,0 days 01:53:05.147000,2019-09-01 14:33:05.361,1,7.0,False,,False,True,17.8,52.8,968.4,False,28.9,356,1.8
0 days 01:56:42.219000,ALB,23,0 days 00:01:48.987000,43.0,2.0,,,0 days 00:00:30.924000,0 days 00:00:48.710000,0 days 00:00:29.353000,0 days 01:55:24.319000,0 days 01:56:13.029000,0 days 01:56:42.382000,342.0,197.0,201.0,316.0,False,SOFT,20.0,True,Red Bull Racing,0 days 01:54:53.232000,2019-09-01 14:34:53.446,12,7.0,False,,False,True,17.6,53.4,968.3,False,28.8,34,0.7
0 days 01:58:33.787000,ALB,23,0 days 00:01:51.568000,44.0,2.0,,,0 days 00:00:33.714000,0 days 00:00:48.501000,0 days 00:00:29.353000,0 days 01:57:16.096000,0 days 01:58:04.597000,0 days 01:58:33.950000,329.0,201.0,218.0,315.0,False,SOFT,21.0,True,Red Bull Racing,0 days 01:56:42.219000,2019-09-01 14:36:42.433,2,5.0,False,,False,True,17.9,53.0,968.3,False,28.0,5,1.8
0 days 00:36:02.395000,KVY,26,0 days 00:02:35.504000,1.0,1.0,,,,0 days 00:01:16.024000,0 days 00:00:41.417000,,0 days 00:35:21.141000,0 days 00:36:02.576000,329.0,183.0,157.0,273.0,False,MEDIUM,1.0,True,Toro Rosso,0 days 00:33:26.693000,2019-09-01 13:13:26.907,124,12.0,False,,False,False,16.9,59.2,968.2,False,27.0,26,2.4
0 days 00:39:00.412000,KVY,26,,2.0,1.0,,,0 days 00:01:03.265000,0 days 00:01:13.319000,0 days 00:00:41.519000,0 days 00:37:05.737000,0 days 00:38:19.124000,0 days 00:39:00.701000,220.0,125.0,169.0,91.0,False,MEDIUM,2.0,True,Toro Rosso,0 days 00:36:02.395000,2019-09-01 13:16:02.609,4,11.0,False,,False,False,17.2,58.0,968.2,False,27.7,353,2.1
0 days 00:41:58.857000,KVY,26,,3.0,1.0,,,0 days 00:00:54.259000,0 days 00:01:09.150000,0 days 00:00:55.020000,0 days 00:39:54.912000,0 days 00:41:04,0 days 00:41:59.516000,277.0,162.0,170.0,164.0,False,MEDIUM,3.0,True,Toro Rosso,0 days 00:39:00.412000,2019-09-01 13:19:00.626,4,11.0,False,,False,False,17.3,56.1,968.1,False,29.2,34,2.9
0 days 00:44:44.724000,KVY,26,,4.0,1.0,,,0 days 00:00:45.181000,0 days 00:01:10.556000,0 days 00:00:50.191000,0 days 00:42:44.201000,0 days 00:43:54.831000,0 days 00:44:47.383000,270.0,151.0,217.0,265.0,False,MEDIUM,4.0,True,Toro Rosso,0 days 00:41:58.857000,2019-09-01 13:21:59.071,41,11.0,False,,False,False,17.5,55.2,968.2,False,28.5,4,1.9
0 days 00:46:38.891000,KVY,26,0 days 00:01:54.167000,5.0,1.0,,,0 days 00:00:31.958000,0 days 00:00:51.849000,0 days 00:00:30.360000,0 days 00:45:16.845000,0 days 00:46:08.694000,0 days 00:46:39.054000,326.0,193.0,215.0,309.0,True,MEDIUM,5.0,True,Toro Rosso,0 days 00:44:44.724000,2019-09-01 13:24:44.938,1,11.0,False,,False,True,17.4,56.3,968.2,False,27.8,27,2.0
0 days 00:48:31.578000,KVY,26,0 days 00:01:52.687000,6.0,1.0,,,0 days 00:00:31.812000,0 days 00:00:50.928000,0 days 00:00:29.947000,0 days 00:47:10.866000,0 days 00:48:01.794000,0 days 00:48:31.741000,322.0,187.0,216.0,,True,MEDIUM,6.0,True,Toro Rosso,0 days 00:46:38.891000,2019-09-01 13:26:39.105,1,11.0,False,,False,True,17.4,56.8,968.2,False,27.3,333,1.6
0 days 00:50:24.209000,KVY,26,0 days 00:01:52.631000,7.0,1.0,,,0 days 00:00:31.418000,0 days 00:00:51.099000,0 days 00:00:30.114000,0 days 00:49:03.159000,0 days 00:49:54.258000,0 days 00:50:24.372000,344.0,192.0,216.0,310.0,True,MEDIUM,7.0,True,Toro Rosso,0 days 00:48:31.578000,2019-09-01 13:28:31.792,1,11.0,False,,False,True,17.5,55.5,968.2,False,27.1,284,1.5
0 days 00:52:16.240000,KVY,26,0 days 00:01:52.031000,8.0,1.0,,,0 days 00:00:31.355000,0 days 00:00:50.679000,0 days 00:00:29.997000,0 days 00:50:55.727000,0 days 00:51:46.406000,0 days 00:52:16.403000,333.0,194.0,218.0,,True,MEDIUM,8.0,True,Toro Rosso,0 days 00:50:24.209000,2019-09-01 13:30:24.423,1,11.0,False,,False,True,17.2,56.8,968.2,False,26.6,222,1.5
0 days 00:54:07.938000,KVY,26,0 days 00:01:51.698000,9.0,1.0,,,0 days 00:00:31.338000,0 days 00:00:50.400000,0 days 00:00:29.960000,0 days 00:52:47.741000,0 days 00:53:38.141000,0 days 00:54:08.101000,334.0,192.0,218.0,309.0,True,MEDIUM,9.0,True,Toro Rosso,0 days 00:52:16.240000,2019-09-01 13:32:16.454,1,11.0,False,,False,True,17.4,57.5,968.2,False,26.6,1,2.9
0 days 00:56:00.200000,KVY,26,0 days 00:01:52.262000,10.0,1.0,,,0 days 00:00:31.247000,0 days 00:00:50.977000,0 days 00:00:30.038000,0 days 00:54:39.348000,0 days 00:55:30.325000,0 days 00:56:00.363000,347.0,194.0,218.0,,False,MEDIUM,10.0,True,Toro Rosso,0 days 00:54:07.938000,2019-09-01 13:34:08.152,1,11.0,False,,False,True,17.3,57.7,968.3,False,26.8,273,0.9
0 days 00:57:52.573000,KVY,26,0 days 00:01:52.373000,11.0,1.0,,,0 days 00:00:31.340000,0 days 00:00:50.881000,0 days 00:00:30.152000,0 days 00:56:31.703000,0 days 00:57:22.584000,0 days 00:57:52.736000,342.0,192.0,218.0,310.0,False,MEDIUM,11.0,True,Toro Rosso,0 days 00:56:00.200000,2019-09-01 13:36:00.414,1,11.0,False,,False,True,17.2,58.0,968.3,False,27.1,245,1.9
0 days 00:59:44.912000,KVY,26,0 days 00:01:52.339000,12.0,1.0,,,0 days 00:00:31.195000,0 days 00:00:51.171000,0 days 00:00:29.973000,0 days 00:58:23.931000,0 days 00:59:15.102000,0 days 00:59:45.075000,341.0,189.0,218.0,311.0,False,MEDIUM,12.0,True,Toro Rosso,0 days 00:57:52.573000,2019-09-01 13:37:52.787,1,11.0,False,,False,True,17.3,58.4,968.2,False,27.1,16,1.6
0 days 01:01:35.446000,KVY,26,0 days 00:01:50.534000,13.0,1.0,,,0 days 00:00:31.197000,0 days 00:00:49.389000,0 days 00:00:29.948000,0 days 01:00:16.272000,0 days 01:01:05.661000,0 days 01:01:35.609000,342.0,193.0,215.0,315.0,True,MEDIUM,13.0,True,Toro Rosso,0 days 00:59:44.912000,2019-09-01 13:39:45.126,1,10.0,False,,False,True,17.2,56.9,968.3,False,28.4,2,2.8
0 days 01:03:26.774000,KVY,26,0 days 00:01:51.328000,14.0,1.0,,,0 days 00:00:31.930000,0 days 00:00:49.544000,0 days 00:00:29.854000,0 days 01:02:07.539000,0 days 01:02:57.083000,0 days 01:03:26.937000,305.0,194.0,215.0,308.0,False,MEDIUM,14.0,True,Toro Rosso,0 days 01:01:35.446000,2019-09-01 13:41:35.660,1,8.0,False,,False,True,17.5,56.8,968.3,False,29.2,203,2.1
0 days 01:05:17.752000,KVY,26,0 days 00:01:50.978000,15.0,1.0,,,0 days 00:00:32.078000,0 days 00:00:48.875000,0 days 00:00:30.025000,0 days 01:03:59.015000,0 days 01:04:47.890000,0 days 01:05:17.915000,309.0,194.0,215.0,303.0,False,MEDIUM,15.0,True,Toro Rosso,0 days 01:03:26.774000,2019-09-01 13:43:26.988,1,8.0,False,,False,True,17.6,56.0,968.2,False,29.2,307,0.9
0 days 01:07:08.482000,KVY,26,0 days 00:01:50.730000,16.0,1.0,,,0 days 00:00:32,0 days 00:00:48.718000,0 days 00:00:30.012000,0 days 01:05:49.915000,0 days 01:06:38.633000,0 days 01:07:08.645000,307.0,190.0,215.0,305.0,False,MEDIUM,16.0,True,Toro Rosso,0 days 01:05:17.752000,2019-09-01 13:45:17.966,1,7.0,False,,False,True,17.8,54.7,968.3,False,29.8,267,2.5
0 days 01:08:59.343000,KVY,26,0 days 00:01:50.861000,17.0,1.0,,,0 days 00:00:31.958000,0 days 00:00:48.886000,0 days 00:00:30.017000,0 days 01:07:40.603000,0 days 01:08:29.489000,0 days 01:08:59.506000,305.0,195.0,215.0,304.0,False,MEDIUM,17.0,True,Toro Rosso,0 days 01:07:08.482000,2019-09-01 13:47:08.696,1,6.0,False,,False,True,17.8,55.2,968.3,False,29.6,349,0.7
0 days 01:10:50.180000,KVY,26,0 days 00:01:50.837000,18.0,1.0,,,0 days 00:00:31.972000,0 days 00:00:48.746000,0 days 00:00:30.119000,0 days 01:09:31.478000,0 days 01:10:20.224000,0 days 01:10:50.343000,309.0,195.0,216.0,305.0,False,MEDIUM,18.0,True,Toro Rosso,0 days 01:08:59.343000,2019-09-01 13:48:59.557,1,6.0,False,,False,True,17.6,56.0,968.3,False,28.2,74,1.0
0 days 01:12:40.742000,KVY,26,0 days 00:01:50.562000,19.0,1.0,,,0 days 00:00:31.862000,0 days 00:00:48.701000,0 days 00:00:29.999000,0 days 01:11:22.205000,0 days 01:12:10.906000,0 days 01:12:40.905000,308.0,194.0,216.0,304.0,False,MEDIUM,19.0,True,Toro Rosso,0 days 01:10:50.180000,2019-09-01 13:50:50.394,1,6.0,False,,False,True,17.6,56.6,968.3,False,28.3,74,0.9
0 days 01:14:31.429000,KVY,26,0 days 00:01:50.687000,20.0,1.0,,,0 days 00:00:31.857000,0 days 00:00:48.755000,0 days 00:00:30.075000,0 days 01:13:12.762000,0 days 01:14:01.517000,0 days 01:14:31.592000,309.0,193.0,216.0,305.0,False,MEDIUM,20.0,True,Toro Rosso,0 days 01:12:40.742000,2019-09-01 13:52:40.956,1,5.0,False,,False,True,17.9,55.3,968.3,False,28.3,5,2.2
0 days 01:16:22.877000,KVY,26,0 days 00:01:51.448000,21.0,1.0,,,0 days 00:00:31.794000,0 days 00:00:49.817000,0 days 00:00:29.837000,0 days 01:15:03.386000,0 days 01:15:53.203000,0 days 01:16:23.040000,319.0,193.0,216.0,304.0,False,MEDIUM,21.0,True,Toro Rosso,0 days 01:14:31.429000,2019-09-01 13:54:31.643,1,6.0,False,,False,True,17.7,55.7,968.3,False,28.8,1,2.1
0 days 01:18:13.668000,KVY,26,0 days 00:01:50.791000,22.0,1.0,,,0 days 00:00:31.745000,0 days 00:00:49.013000,0 days 00:00:30.033000,0 days 01:16:54.785000,0 days 01:17:43.798000,0 days 01:18:13.831000,313.0,194.0,217.0,305.0,False,MEDIUM,22.0,True,Toro Rosso,0 days 01:16:22.877000,2019-09-01 13:56:23.091,1,6.0,False,,False,True,17.8,55.9,968.3,False,29.0,357,2.6
0 days 01:20:04.411000,KVY,26,0 days 00:01:50.743000,23.0,1.0,,,0 days 00:00:31.862000,0 days 00:00:48.929000,0 days 00:00:29.952000,0 days 01:18:45.693000,0 days 01:19:34.622000,0 days 01:20:04.574000,311.0,194.0,217.0,,False,MEDIUM,23.0,True,Toro Rosso,0 days 01:18:13.668000,2019-09-01 13:58:13.882,1,6.0,False,,False,True,17.9,55.6,968.3,False,29.8,347,2.5
0 days 01:25:49.969000,KVY,26,0 days 00:01:48.143000,26.0,2.0,,,0 days 00:00:31.227000,0 days 00:00:47.733000,0 days 00:00:29.183000,0 days 01:24:33.216000,0 days 01:25:20.949000,0 days 01:25:50.132000,312.0,201.0,224.0,312.0,True,SOFT,2.0,True,Toro Rosso,0 days 01:24:01.826000,2019-09-01 14:04:02.040,1,13.0,False,,False,True,18.2,55.2,968.3,False,29.7,347,2.5
0 days 01:27:38.691000,KVY,26,0 days 00:01:48.722000,27.0,2.0,,,0 days 00:00:30.715000,0 days 00:00:48.616000,0 days 00:00:29.391000,0 days 01:26:20.847000,0 days 01:27:09.463000,0 days 01:27:38.854000,345.0,197.0,221.0,317.0,False,SOFT,3.0,True,Toro Rosso,0 days 01:25:49.969000,2019-09-01 14:05:50.183,1,12.0,False,,False,True,17.7,56.1,968.2,False,28.8,350,2.5
0 days 01:29:28.816000,KVY,26,0 days 00:01:50.125000,28.0,2.0,,,0 days 00:00:30.975000,0 days 00:00:49.638000,0 days 00:00:29.512000,0 days 01:28:09.829000,0 days 01:28:59.467000,0 days 01:29:28.979000,343.0,196.0,220.0,312.0,False,SOFT,4.0,True,Toro Rosso,0 days 01:27:38.691000,2019-09-01 14:07:38.905,1,12.0,False,,False,True,17.4,57.3,968.2,False,28.3,359,2.0
0 days 01:31:17.793000,KVY,26,0 days 00:01:48.977000,29.0,2.0,,,0 days 00:00:30.712000,0 days 00:00:48.617000,0 days 00:00:29.648000,0 days 01:29:59.691000,0 days 01:30:48.308000,0 days 01:31:17.956000,350.0,198.0,218.0,318.0,False,SOFT,5.0,True,Toro Rosso,0 days 01:29:28.816000,2019-09-01 14:09:29.030,1,11.0,False,,False,True,17.4,57.5,968.3,False,28.3,0,2.6
0 days 01:33:07.930000,KVY,26,0 days 00:01:50.137000,30.0,2.0,,,0 days 00:00:31.373000,0 days 00:00:49.114000,0 days 00:00:29.650000,0 days 01:31:49.329000,0 days 01:32:38.443000,0 days 01:33:08.093000,317.0,190.0,223.0,310.0,False,SOFT,6.0,True,Toro Rosso,0 days 01:31:17.793000,2019-09-01 14:11:18.007,1,10.0,False,,False,True,17.5,57.6,968.3,False,28.4,7,2.2
0 days 01:34:58.331000,KVY,26,0 days 00:01:50.401000,31.0,2.0,,,0 days 00:00:30.604000,0 days 00:00:50.057000,0 days 00:00:29.740000,0 days 01:33:38.697000,0 days 01:34:28.754000,0 days 01:34:58.494000,346.0,191.0,221.0,320.0,False,SOFT,7.0,True,Toro Rosso,0 days 01:33:07.930000,2019-09-01 14:13:08.144,1,9.0,False,,False,True,17.7,56.7,968.3,False,29.4,14,2.6
0 days 01:36:49.100000,KVY,26,0 days 00:01:50.769000,32.0,2.0,,,0 days 00:00:30.759000,0 days 00:00:50.178000,0 days 00:00:29.832000,0 days 01:35:29.253000,0 days 01:36:19.431000,0 days 01:36:49.263000,356.0,193.0,220.0,315.0,False,SOFT,8.0,True,Toro Rosso,0 days 01:34:58.331000,2019-09-01 14:14:58.545,1,9.0,False,,False,True,17.4,57.2,968.3,False,28.9,31,2.5
0 days 01:38:39.422000,KVY,26,0 days 00:01:50.322000,33.0,2.0,,,0 days 00:00:30.916000,0 days 00:00:49.618000,0 days 00:00:29.788000,0 days 01:37:20.179000,0 days 01:38:09.797000,0 days 01:38:39.585000,338.0,193.0,223.0,,False,SOFT,9.0,True,Toro Rosso,0 days 01:36:49.100000,2019-09-01 14:16:49.314,1,8.0,False,,False,True,17.5,56.7,968.2,False,28.2,2,3.0
0 days 01:40:28.348000,KVY,26,0 days 00:01:48.926000,34.0,2.0,,,0 days 00:00:30.971000,0 days 00:00:48.284000,0 days 00:00:29.671000,0 days 01:39:10.556000,0 days 01:39:58.840000,0 days 01:40:28.511000,344.0,200.0,218.0,317.0,False,SOFT,10.0,True,Toro Rosso,0 days 01:38:39.422000,2019-09-01 14:18:39.636,1,7.0,False,,False,True,17.8,56.0,968.2,False,28.8,339,2.1
0 days 01:42:17.179000,KVY,26,0 days 00:01:48.831000,35.0,2.0,,,0 days 00:00:31.731000,0 days 00:00:47.524000,0 days 00:00:29.576000,0 days 01:41:00.242000,0 days 01:41:47.766000,0 days 01:42:17.342000,300.0,197.0,219.0,307.0,False,SOFT,11.0,True,Toro Rosso,0 days 01:40:28.348000,2019-09-01 14:20:28.562,1,7.0,False,,False,True,17.7,55.9,968.2,False,28.8,3,1.9
0 days 01:44:05.875000,KVY,26,0 days 00:01:48.696000,36.0,2.0,,,0 days 00:00:31.556000,0 days 00:00:47.440000,0 days 00:00:29.700000,0 days 01:42:48.898000,0 days 01:43:36.338000,0 days 01:44:06.038000,310.0,197.0,219.0,,False,SOFT,12.0,True,Toro Rosso,0 days 01:42:17.179000,2019-09-01 14:22:17.393,1,7.0,False,,False,True,17.5,55.6,968.2,False,27.8,10,2.3
0 days 01:45:55.851000,KVY,26,0 days 00:01:49.976000,37.0,2.0,,,0 days 00:00:31.436000,0 days 00:00:48.955000,0 days 00:00:29.585000,0 days 01:44:37.474000,0 days 01:45:26.429000,0 days 01:45:56.014000,335.0,198.0,219.0,305.0,False,SOFT,13.0,True,Toro Rosso,0 days 01:44:05.875000,2019-09-01 14:24:06.089,1,8.0,False,,False,True,17.3,54.8,968.3,False,28.3,358,1.6
0 days 01:47:45.299000,KVY,26,0 days 00:01:49.448000,38.0,2.0,,,0 days 00:00:31.367000,0 days 00:00:48.423000,0 days 00:00:29.658000,0 days 01:46:27.381000,0 days 01:47:15.804000,0 days 01:47:45.462000,319.0,196.0,219.0,308.0,False,SOFT,14.0,True,Toro Rosso,0 days 01:45:55.851000,2019-09-01 14:25:56.065,1,8.0,False,,False,True,17.6,54.4,968.3,False,29.5,350,1.2
0 days 01:49:34.483000,KVY,26,0 days 00:01:49.184000,39.0,2.0,,,0 days 00:00:31.506000,0 days 00:00:48.010000,0 days 00:00:29.668000,0 days 01:48:16.968000,0 days 01:49:04.978000,0 days 01:49:34.646000,315.0,197.0,219.0,309.0,False,SOFT,15.0,True,Toro Rosso,0 days 01:47:45.299000,2019-09-01 14:27:45.513,1,8.0,False,,False,True,17.8,53.5,968.3,False,29.5,12,2.4
0 days 01:51:23.712000,KVY,26,0 days 00:01:49.229000,40.0,2.0,,,0 days 00:00:31.522000,0 days 00:00:48.011000,0 days 00:00:29.696000,0 days 01:50:06.168000,0 days 01:50:54.179000,0 days 01:51:23.875000,312.0,201.0,218.0,307.0,False,SOFT,16.0,True,Toro Rosso,0 days 01:49:34.483000,2019-09-01 14:29:34.697,1,8.0,False,,False,True,17.9,52.0,968.3,False,28.8,356,2.5
0 days 01:53:12.967000,KVY,26,0 days 00:01:49.255000,41.0,2.0,,,0 days 00:00:31.691000,0 days 00:00:47.837000,0 days 00:00:29.727000,0 days 01:51:55.566000,0 days 01:52:43.403000,0 days 01:53:13.130000,314.0,201.0,219.0,305.0,False,SOFT,17.0,True,Toro Rosso,0 days 01:51:23.712000,2019-09-01 14:31:23.926,1,8.0,False,,False,True,17.8,52.4,968.3,False,28.8,2,1.8
0 days 01:55:02.278000,KVY,26,0 days 00:01:49.311000,42.0,2.0,,,0 days 00:00:31.552000,0 days 00:00:47.707000,0 days 00:00:30.052000,0 days 01:53:44.682000,0 days 01:54:32.389000,0 days 01:55:02.441000,312.0,195.0,219.0,307.0,False,SOFT,18.0,True,Toro Rosso,0 days 01:53:12.967000,2019-09-01 14:33:13.181,1,8.0,False,,False,True,17.8,52.8,968.4,False,28.9,356,1.8
0 days 01:56:51.717000,KVY,26,0 days 00:01:49.439000,43.0,2.0,,,0 days 00:00:31.764000,0 days 00:00:47.897000,0 days 00:00:29.778000,0 days 01:55:34.205000,0 days 01:56:22.102000,0 days 01:56:51.880000,315.0,199.0,220.0,304.0,False,SOFT,19.0,True,Toro Rosso,0 days 01:55:02.278000,2019-09-01 14:35:02.492,12,8.0,False,,False,True,17.6,53.4,968.3,False,28.8,34,0.7
0 days 01:58:42.127000,KVY,26,0 days 00:01:50.410000,44.0,2.0,,,0 days 00:00:31.998000,0 days 00:00:48.592000,0 days 00:00:29.820000,0 days 01:57:23.878000,0 days 01:58:12.470000,0 days 01:58:42.290000,,200.0,206.0,,False,SOFT,20.0,True,Toro Rosso,0 days 01:56:51.717000,2019-09-01 14:36:51.931,2,7.0,False,,False,True,17.9,53.0,968.3,False,28.0,5,1.8
0 days 00:36:05.845000,HUL,27,0 days 00:02:38.998000,1.0,1.0,,,,0 days 00:01:19.648000,0 days 00:00:40.154000,,0 days 00:35:25.905000,0 days 00:36:06.251000,321.0,179.0,195.0,250.0,False,SOFT,4.0,False,Renault,0 days 00:33:26.693000,2019-09-01 13:13:26.907,124,15.0,False,,False,False,16.9,59.2,968.2,False,27.0,26,2.4
0 days 00:39:05.047000,HUL,27,,2.0,1.0,,,0 days 00:01:02.894000,0 days 00:01:12.350000,0 days 00:00:44,0 days 00:37:08.911000,0 days 00:38:21.430000,0 days 00:39:05.564000,206.0,142.0,191.0,98.0,False,SOFT,5.0,False,Renault,0 days 00:36:05.845000,2019-09-01 13:16:06.059,4,14.0,False,,False,False,17.2,58.0,968.2,False,27.7,353,2.1
0 days 00:42:03.171000,HUL,27,,3.0,1.0,,,0 days 00:00:55.075000,0 days 00:01:08.846000,0 days 00:00:54.230000,0 days 00:40:00.309000,0 days 00:41:09.209000,0 days 00:42:03.574000,265.0,127.0,185.0,143.0,False,SOFT,6.0,False,Renault,0 days 00:39:05.047000,2019-09-01 13:19:05.261,4,14.0,False,,False,False,17.3,56.1,968.1,False,29.2,34,2.9
0 days 00:44:46.053000,HUL,27,,4.0,1.0,,,0 days 00:00:44.574000,0 days 00:01:11.148000,0 days 00:00:47.188000,0 days 00:42:48.007000,0 days 00:43:59.167000,0 days 00:44:49.397000,303.0,182.0,223.0,276.0,False,SOFT,7.0,False,Renault,0 days 00:42:03.171000,2019-09-01 13:22:03.385,41,14.0,False,,False,False,17.5,55.2,968.2,False,28.5,4,1.9
0 days 00:46:40.009000,HUL,27,0 days 00:01:53.956000,5.0,1.0,,,0 days 00:00:31.240000,0 days 00:00:52.555000,0 days 00:00:30.161000,0 days 00:45:17.507000,0 days 00:46:10.062000,0 days 00:46:40.223000,331.0,192.0,219.0,309.0,True,SOFT,8.0,False,Renault,0 days 00:44:46.053000,2019-09-01 13:24:46.267,1,13.0,False,,False,True,17.4,56.3,968.2,False,27.8,27,2.0
0 days 00:48:33.141000,HUL,27,0 days 00:01:53.132000,6.0,1.0,,,0 days 00:00:31.683000,0 days 00:00:51.548000,0 days 00:00:29.901000,0 days 00:47:11.906000,0 days 00:48:03.454000,0 days 00:48:33.355000,333.0,196.0,218.0,313.0,True,SOFT,9.0,False,Renault,0 days 00:46:40.009000,2019-09-01 13:26:40.223,1,13.0,False,,False,True,17.4,56.8,968.2,False,27.3,333,1.6
0 days 00:50:25.715000,HUL,27,0 days 00:01:52.574000,7.0,1.0,,,0 days 00:00:31.218000,0 days 00:00:51.374000,0 days 00:00:29.982000,0 days 00:49:04.573000,0 days 00:49:55.947000,0 days 00:50:25.929000,342.0,194.0,219.0,315.0,True,SOFT,10.0,False,Renault,0 days 00:48:33.141000,2019-09-01 13:28:33.355,1,13.0,False,,False,True,17.5,55.5,968.2,False,27.1,284,1.5
0 days 00:52:17.560000,HUL,27,0 days 00:01:51.845000,8.0,1.0,,,0 days 00:00:31.299000,0 days 00:00:50.837000,0 days 00:00:29.709000,0 days 00:50:57.228000,0 days 00:51:48.065000,0 days 00:52:17.774000,348.0,198.0,220.0,313.0,True,SOFT,11.0,False,Renault,0 days 00:50:25.715000,2019-09-01 13:30:25.929,1,13.0,False,,False,True,17.2,56.8,968.2,False,26.6,222,1.5
0 days 00:54:09.243000,HUL,27,0 days 00:01:51.683000,9.0,1.0,,,0 days 00:00:31.286000,0 days 00:00:50.567000,0 days 00:00:29.830000,0 days 00:52:49.060000,0 days 00:53:39.627000,0 days 00:54:09.457000,338.0,195.0,220.0,,True,SOFT,12.0,False,Renault,0 days 00:52:17.560000,2019-09-01 13:32:17.774,1,13.0,False,,False,True,17.4,57.5,968.2,False,26.6,1,2.9
0 days 00:56:01.454000,HUL,27,0 days 00:01:52.211000,10.0,1.0,,,0 days 00:00:31.248000,0 days 00:00:50.930000,0 days 00:00:30.033000,0 days 00:54:40.705000,0 days 00:55:31.635000,0 days 00:56:01.668000,340.0,195.0,219.0,312.0,False,SOFT,13.0,False,Renault,0 days 00:54:09.243000,2019-09-01 13:34:09.457,1,13.0,False,,False,True,17.3,57.7,968.3,False,26.8,273,0.9
0 days 01:01:50.674000,HUL,27,0 days 00:01:49.466000,13.0,2.0,,,0 days 00:00:31.516000,0 days 00:00:48.533000,0 days 00:00:29.417000,0 days 01:00:32.938000,0 days 01:01:21.471000,0 days 01:01:50.888000,311.0,203.0,220.0,311.0,True,MEDIUM,2.0,True,Renault,0 days 01:00:01.208000,2019-09-01 13:40:01.422,1,18.0,False,,False,True,17.2,56.9,968.3,False,28.4,2,2.8
0 days 01:03:41.511000,HUL,27,0 days 00:01:50.837000,14.0,2.0,,,0 days 00:00:31.265000,0 days 00:00:50.213000,0 days 00:00:29.359000,0 days 01:02:22.153000,0 days 01:03:12.366000,0 days 01:03:41.725000,319.0,198.0,218.0,313.0,False,MEDIUM,3.0,True,Renault,0 days 01:01:50.674000,2019-09-01 13:41:50.888,1,17.0,False,,False,True,17.5,56.8,968.3,False,29.2,203,2.1
0 days 01:05:31.236000,HUL,27,0 days 00:01:49.725000,15.0,2.0,,,0 days 00:00:31.432000,0 days 00:00:48.846000,0 days 00:00:29.447000,0 days 01:04:13.157000,0 days 01:05:02.003000,0 days 01:05:31.450000,316.0,199.0,219.0,309.0,False,MEDIUM,4.0,True,Renault,0 days 01:03:41.511000,2019-09-01 13:43:41.725,1,16.0,False,,False,True,17.7,54.5,968.2,False,29.6,183,1.4
0 days 01:07:21.730000,HUL,27,0 days 00:01:50.494000,16.0,2.0,,,0 days 00:00:31.331000,0 days 00:00:49.488000,0 days 00:00:29.675000,0 days 01:06:02.781000,0 days 01:06:52.269000,0 days 01:07:21.944000,321.0,197.0,219.0,313.0,False,MEDIUM,5.0,True,Renault,0 days 01:05:31.236000,2019-09-01 13:45:31.450,1,16.0,False,,False,True,17.7,55.6,968.3,False,29.8,0,1.9
0 days 01:09:13.548000,HUL,27,0 days 00:01:51.818000,17.0,2.0,,,0 days 00:00:31.265000,0 days 00:00:50.517000,0 days 00:00:30.036000,0 days 01:07:53.209000,0 days 01:08:43.726000,0 days 01:09:13.762000,330.0,192.0,223.0,312.0,False,MEDIUM,6.0,True,Renault,0 days 01:07:21.730000,2019-09-01 13:47:21.944,1,15.0,False,,False,True,17.8,55.2,968.3,False,29.6,349,0.7
0 days 01:11:04.355000,HUL,27,0 days 00:01:50.807000,18.0,2.0,,,0 days 00:00:31.492000,0 days 00:00:49.688000,0 days 00:00:29.627000,0 days 01:09:45.254000,0 days 01:10:34.942000,0 days 01:11:04.569000,328.0,196.0,219.0,,False,MEDIUM,7.0,True,Renault,0 days 01:09:13.548000,2019-09-01 13:49:13.762,1,14.0,False,,False,True,17.6,56.0,968.3,False,28.2,74,1.0
0 days 01:12:56.781000,HUL,27,0 days 00:01:52.426000,19.0,2.0,,,0 days 00:00:31.351000,0 days 00:00:51.120000,0 days 00:00:29.955000,0 days 01:11:35.920000,0 days 01:12:27.040000,0 days 01:12:56.995000,323.0,201.0,222.0,313.0,False,MEDIUM,8.0,True,Renault,0 days 01:11:04.355000,2019-09-01 13:51:04.569,1,14.0,False,,False,True,17.6,56.6,968.3,False,28.3,74,0.9
0 days 01:14:46.543000,HUL,27,0 days 00:01:49.762000,20.0,2.0,,,0 days 00:00:31.112000,0 days 00:00:49.123000,0 days 00:00:29.527000,0 days 01:13:28.107000,0 days 01:14:17.230000,0 days 01:14:46.757000,338.0,201.0,216.0,319.0,False,MEDIUM,9.0,True,Renault,0 days 01:12:56.781000,2019-09-01 13:52:56.995,1,13.0,False,,False,True,17.9,55.3,968.3,False,28.3,5,2.2
0 days 01:16:36.815000,HUL,27,0 days 00:01:50.272000,21.0,2.0,,,0 days 00:00:31.724000,0 days 00:00:49.040000,0 days 00:00:29.508000,0 days 01:15:18.481000,0 days 01:16:07.521000,0 days 01:16:37.029000,313.0,200.0,219.0,313.0,False,MEDIUM,10.0,True,Renault,0 days 01:14:46.543000,2019-09-01 13:54:46.757,1,13.0,False,,False,True,17.7,55.7,968.3,False,28.8,1,2.1
0 days 01:18:26.866000,HUL,27,0 days 00:01:50.051000,22.0,2.0,,,0 days 00:00:31.475000,0 days 00:00:48.858000,0 days 00:00:29.718000,0 days 01:17:08.504000,0 days 01:17:57.362000,0 days 01:18:27.080000,315.0,198.0,218.0,310.0,False,MEDIUM,11.0,True,Renault,0 days 01:16:36.815000,2019-09-01 13:56:37.029,1,13.0,False,,False,True,17.9,55.0,968.2,False,29.3,33,1.7
0 days 01:20:17.261000,HUL,27,0 days 00:01:50.395000,23.0,2.0,,,0 days 00:00:31.405000,0 days 00:00:49.527000,0 days 00:00:29.463000,0 days 01:18:58.485000,0 days 01:19:48.012000,0 days 01:20:17.475000,318.0,197.0,220.0,,False,MEDIUM,12.0,True,Renault,0 days 01:18:26.866000,2019-09-01 13:58:27.080,1,13.0,False,,False,True,17.9,55.6,968.3,False,29.8,347,2.5
0 days 01:22:07.294000,HUL,27,0 days 00:01:50.033000,24.0,2.0,,,0 days 00:00:31.331000,0 days 00:00:49.150000,0 days 00:00:29.552000,0 days 01:20:48.806000,0 days 01:21:37.956000,0 days 01:22:07.508000,316.0,198.0,220.0,312.0,False,MEDIUM,13.0,True,Renault,0 days 01:20:17.261000,2019-09-01 14:00:17.475,1,12.0,False,,False,True,18.0,54.2,968.2,False,30.1,21,2.8
0 days 01:23:57.437000,HUL,27,0 days 00:01:50.143000,25.0,2.0,,,0 days 00:00:31.323000,0 days 00:00:49.288000,0 days 00:00:29.532000,0 days 01:22:38.831000,0 days 01:23:28.119000,0 days 01:23:57.651000,317.0,199.0,220.0,313.0,False,MEDIUM,14.0,True,Renault,0 days 01:22:07.294000,2019-09-01 14:02:07.508,1,11.0,False,,False,True,18.0,55.5,968.2,False,30.7,234,1.7
0 days 01:25:47.637000,HUL,27,0 days 00:01:50.200000,26.0,2.0,,,0 days 00:00:31.371000,0 days 00:00:49.283000,0 days 00:00:29.546000,0 days 01:24:29.022000,0 days 01:25:18.305000,0 days 01:25:47.851000,,199.0,219.0,315.0,False,MEDIUM,15.0,True,Renault,0 days 01:23:57.437000,2019-09-01 14:03:57.651,1,11.0,False,,False,True,18.2,55.2,968.3,False,29.7,347,2.5
0 days 01:27:37.891000,HUL,27,0 days 00:01:50.254000,27.0,2.0,,,0 days 00:00:31.382000,0 days 00:00:49.353000,0 days 00:00:29.519000,0 days 01:26:19.233000,0 days 01:27:08.586000,0 days 01:27:38.105000,320.0,201.0,219.0,312.0,False,MEDIUM,16.0,True,Renault,0 days 01:25:47.637000,2019-09-01 14:05:47.851,1,11.0,False,,False,True,17.7,56.1,968.2,False,28.8,350,2.5
0 days 01:29:28.236000,HUL,27,0 days 00:01:50.345000,28.0,2.0,,,0 days 00:00:31.270000,0 days 00:00:49.568000,0 days 00:00:29.507000,0 days 01:28:09.375000,0 days 01:28:58.943000,0 days 01:29:28.450000,329.0,199.0,220.0,313.0,False,MEDIUM,17.0,True,Renault,0 days 01:27:37.891000,2019-09-01 14:07:38.105,1,11.0,False,,False,True,17.4,57.3,968.2,False,28.3,359,2.0
0 days 01:31:19.423000,HUL,27,0 days 00:01:51.187000,29.0,2.0,,,0 days 00:00:31.231000,0 days 00:00:50.377000,0 days 00:00:29.579000,0 days 01:29:59.681000,0 days 01:30:50.058000,0 days 01:31:19.637000,332.0,197.0,220.0,314.0,False,MEDIUM,18.0,True,Renault,0 days 01:29:28.236000,2019-09-01 14:09:28.450,1,12.0,False,,False,True,17.4,57.5,968.3,False,28.3,0,2.6
0 days 01:33:09.804000,HUL,27,0 days 00:01:50.381000,30.0,2.0,,,0 days 00:00:31.208000,0 days 00:00:49.632000,0 days 00:00:29.541000,0 days 01:31:50.845000,0 days 01:32:40.477000,0 days 01:33:10.018000,321.0,198.0,221.0,,False,MEDIUM,19.0,True,Renault,0 days 01:31:19.423000,2019-09-01 14:11:19.637,1,11.0,False,,False,True,17.5,57.6,968.3,False,28.4,7,2.2
0 days 01:38:56.858000,HUL,27,0 days 00:01:48.532000,33.0,3.0,,,0 days 00:00:31.366000,0 days 00:00:47.782000,0 days 00:00:29.384000,0 days 01:37:39.906000,0 days 01:38:27.688000,0 days 01:38:57.072000,310.0,206.0,222.0,312.0,True,SOFT,4.0,False,Renault,0 days 01:37:08.326000,2019-09-01 14:17:08.540,1,13.0,False,,False,True,17.5,56.7,968.2,False,28.2,2,3.0
0 days 01:40:45.207000,HUL,27,0 days 00:01:48.349000,34.0,3.0,,,0 days 00:00:31.169000,0 days 00:00:47.779000,0 days 00:00:29.401000,0 days 01:39:28.241000,0 days 01:40:16.020000,0 days 01:40:45.421000,313.0,204.0,222.0,313.0,True,SOFT,5.0,False,Renault,0 days 01:38:56.858000,2019-09-01 14:18:57.072,1,13.0,False,,False,True,17.8,56.0,968.2,False,28.8,339,2.1
0 days 01:42:33.711000,HUL,27,0 days 00:01:48.504000,35.0,3.0,,,0 days 00:00:31.130000,0 days 00:00:48.044000,0 days 00:00:29.330000,0 days 01:41:16.551000,0 days 01:42:04.595000,0 days 01:42:33.925000,326.0,204.0,222.0,312.0,False,SOFT,6.0,False,Renault,0 days 01:40:45.207000,2019-09-01 14:20:45.421,1,13.0,False,,False,True,17.6,56.0,968.3,False,27.8,3,2.7
0 days 01:44:22.651000,HUL,27,0 days 00:01:48.940000,36.0,3.0,,,0 days 00:00:31.333000,0 days 00:00:48.099000,0 days 00:00:29.508000,0 days 01:43:05.258000,0 days 01:43:53.357000,0 days 01:44:22.865000,312.0,205.0,221.0,,False,SOFT,7.0,False,Renault,0 days 01:42:33.711000,2019-09-01 14:22:33.925,1,13.0,False,,False,True,17.5,54.5,968.3,False,28.0,308,2.6
0 days 01:46:11.723000,HUL,27,0 days 00:01:49.072000,37.0,3.0,,,0 days 00:00:31.134000,0 days 00:00:48.469000,0 days 00:00:29.469000,0 days 01:44:53.999000,0 days 01:45:42.468000,0 days 01:46:11.937000,327.0,204.0,221.0,313.0,False,SOFT,8.0,False,Renault,0 days 01:44:22.651000,2019-09-01 14:24:22.865,1,13.0,False,,False,True,17.3,54.8,968.3,False,28.3,358,1.6
0 days 01:48:00.967000,HUL,27,0 days 00:01:49.244000,38.0,3.0,,,0 days 00:00:31.185000,0 days 00:00:48.602000,0 days 00:00:29.457000,0 days 01:46:43.122000,0 days 01:47:31.724000,0 days 01:48:01.181000,313.0,204.0,223.0,311.0,False,SOFT,9.0,False,Renault,0 days 01:46:11.723000,2019-09-01 14:26:11.937,1,13.0,False,,False,True,17.6,54.4,968.3,False,29.5,350,1.2
0 days 01:49:51.580000,HUL,27,0 days 00:01:50.613000,39.0,3.0,,,0 days 00:00:31.062000,0 days 00:00:49.736000,0 days 00:00:29.815000,0 days 01:48:32.243000,0 days 01:49:21.979000,0 days 01:49:51.794000,319.0,199.0,226.0,317.0,False,SOFT,10.0,False,Renault,0 days 01:48:00.967000,2019-09-01 14:28:01.181,1,13.0,False,,False,True,17.8,53.5,968.3,False,29.5,12,2.4
0 days 01:51:42.598000,HUL,27,0 days 00:01:51.018000,40.0,3.0,,,0 days 00:00:31.022000,0 days 00:00:50.396000,0 days 00:00:29.600000,0 days 01:50:22.816000,0 days 01:51:13.212000,0 days 01:51:42.812000,337.0,192.0,222.0,321.0,False,SOFT,11.0,False,Renault,0 days 01:49:51.580000,2019-09-01 14:29:51.794,1,11.0,False,,False,True,17.9,52.0,968.3,False,28.8,356,2.5
0 days 01:53:31.021000,HUL,27,0 days 00:01:48.423000,41.0,3.0,,,0 days 00:00:31.139000,0 days 00:00:47.947000,0 days 00:00:29.337000,0 days 01:52:13.951000,0 days 01:53:01.898000,0 days 01:53:31.235000,312.0,204.0,223.0,312.0,False,SOFT,12.0,False,Renault,0 days 01:51:42.598000,2019-09-01 14:31:42.812,1,11.0,False,,False,True,17.6,53.0,968.3,False,28.8,352,2.5
0 days 01:55:19.500000,HUL,27,0 days 00:01:48.479000,42.0,3.0,,,0 days 00:00:31.224000,0 days 00:00:47.950000,0 days 00:00:29.305000,0 days 01:54:02.459000,0 days 01:54:50.409000,0 days 01:55:19.714000,,205.0,224.0,314.0,False,SOFT,13.0,False,Renault,0 days 01:53:31.021000,2019-09-01 14:33:31.235,1,11.0,False,,False,True,17.6,52.9,968.3,False,28.8,127,2.6
0 days 01:57:09.122000,HUL,27,0 days 00:01:49.622000,43.0,3.0,,,0 days 00:00:30.775000,0 days 00:00:49.528000,0 days 00:00:29.319000,0 days 01:55:50.489000,0 days 01:56:40.017000,0 days 01:57:09.336000,342.0,207.0,223.0,316.0,False,SOFT,14.0,False,Renault,0 days 01:55:19.500000,2019-09-01 14:35:19.714,12,9.0,False,,False,True,17.6,53.4,968.3,False,28.8,34,0.7
0 days 01:58:59.099000,HUL,27,0 days 00:01:49.977000,44.0,3.0,,,0 days 00:00:31.449000,0 days 00:00:49.057000,0 days 00:00:29.471000,0 days 01:57:40.785000,0 days 01:58:29.842000,0 days 01:58:59.313000,309.0,202.0,219.0,310.0,False,SOFT,15.0,False,Renault,0 days 01:57:09.122000,2019-09-01 14:37:09.336,2,8.0,False,,False,True,17.9,53.0,968.3,False,28.0,5,1.8
0 days 00:42:06.812000,RIC,3,,3.0,2.0,,,0 days 00:00:54.945000,0 days 00:01:06.359000,0 days 00:00:55.065000,0 days 00:40:05.655000,0 days 00:41:12.071000,0 days 00:42:07.646000,267.0,110.0,201.0,256.0,False,MEDIUM,2.0,True,Renault,0 days 00:39:10.357000,2019-09-01 13:19:10.571,4,17.0,False,,False,False,17.3,56.1,968.1,False,29.2,34,2.9
0 days 00:44:47.530000,RIC,3,,4.0,2.0,,,0 days 00:00:46.885000,0 days 00:01:07.992000,0 days 00:00:45.930000,0 days 00:42:53.968000,0 days 00:44:01.923000,0 days 00:44:51.532000,304.0,177.0,223.0,273.0,False,MEDIUM,3.0,True,Renault,0 days 00:42:06.812000,2019-09-01 13:22:07.026,41,17.0,False,,False,False,17.5,55.2,968.2,False,28.5,4,1.9
0 days 00:46:41.774000,RIC,3,0 days 00:01:54.244000,5.0,2.0,,,0 days 00:00:32.128000,0 days 00:00:51.817000,0 days 00:00:30.299000,0 days 00:45:19.925000,0 days 00:46:11.742000,0 days 00:46:42.041000,324.0,193.0,221.0,289.0,True,MEDIUM,4.0,True,Renault,0 days 00:44:47.530000,2019-09-01 13:24:47.744,1,16.0,False,,False,True,17.4,56.3,968.2,False,27.8,27,2.0
0 days 00:48:34.389000,RIC,3,0 days 00:01:52.615000,6.0,2.0,,,0 days 00:00:31.683000,0 days 00:00:50.984000,0 days 00:00:29.948000,0 days 00:47:13.724000,0 days 00:48:04.708000,0 days 00:48:34.656000,334.0,192.0,217.0,303.0,True,MEDIUM,5.0,True,Renault,0 days 00:46:41.774000,2019-09-01 13:26:41.988,1,15.0,False,,False,True,17.4,56.8,968.2,False,27.3,333,1.6
0 days 00:50:27.310000,RIC,3,0 days 00:01:52.921000,7.0,2.0,,,0 days 00:00:31.052000,0 days 00:00:51.829000,0 days 00:00:30.040000,0 days 00:49:05.708000,0 days 00:49:57.537000,0 days 00:50:27.577000,332.0,196.0,217.0,308.0,False,MEDIUM,6.0,True,Renault,0 days 00:48:34.389000,2019-09-01 13:28:34.603,1,15.0,False,,False,True,17.5,55.5,968.2,False,27.1,284,1.5
0 days 00:52:19.072000,RIC,3,0 days 00:01:51.762000,8.0,2.0,,,0 days 00:00:31.249000,0 days 00:00:50.638000,0 days 00:00:29.875000,0 days 00:50:58.826000,0 days 00:51:49.464000,0 days 00:52:19.339000,336.0,195.0,219.0,,True,MEDIUM,7.0,True,Renault,0 days 00:50:27.310000,2019-09-01 13:30:27.524,1,15.0,False,,False,True,17.2,56.8,968.2,False,26.6,222,1.5
0 days 00:54:10.795000,RIC,3,0 days 00:01:51.723000,9.0,2.0,,,0 days 00:00:31.167000,0 days 00:00:50.623000,0 days 00:00:29.933000,0 days 00:52:50.506000,0 days 00:53:41.129000,0 days 00:54:11.062000,339.0,190.0,219.0,304.0,True,MEDIUM,8.0,True,Renault,0 days 00:52:19.072000,2019-09-01 13:32:19.286,1,15.0,False,,False,True,17.4,57.5,968.2,False,26.6,1,2.9
0 days 00:56:02.577000,RIC,3,0 days 00:01:51.782000,10.0,2.0,,,0 days 00:00:31.027000,0 days 00:00:50.847000,0 days 00:00:29.908000,0 days 00:54:42.089000,0 days 00:55:32.936000,0 days 00:56:02.844000,343.0,196.0,218.0,313.0,False,MEDIUM,9.0,True,Renault,0 days 00:54:10.795000,2019-09-01 13:34:11.009,1,15.0,False,,False,True,17.3,57.7,968.3,False,26.8,273,0.9
0 days 00:57:55.035000,RIC,3,0 days 00:01:52.458000,11.0,2.0,,,0 days 00:00:31.183000,0 days 00:00:51.302000,0 days 00:00:29.973000,0 days 00:56:34.027000,0 days 00:57:25.329000,0 days 00:57:55.302000,336.0,194.0,217.0,308.0,False,MEDIUM,10.0,True,Renault,0 days 00:56:02.577000,2019-09-01 13:36:02.791,1,14.0,False,,False,True,17.2,58.0,968.3,False,27.1,245,1.9
0 days 00:59:47.098000,RIC,3,0 days 00:01:52.063000,12.0,2.0,,,0 days 00:00:31.098000,0 days 00:00:51.052000,0 days 00:00:29.913000,0 days 00:58:26.400000,0 days 00:59:17.452000,0 days 00:59:47.365000,,193.0,218.0,310.0,False,MEDIUM,11.0,True,Renault,0 days 00:57:55.035000,2019-09-01 13:37:55.249,1,14.0,False,,False,True,17.3,58.4,968.2,False,27.1,16,1.6
0 days 01:01:39.319000,RIC,3,0 days 00:01:52.221000,13.0,2.0,,,0 days 00:00:30.664000,0 days 00:00:51.668000,0 days 00:00:29.889000,0 days 01:00:18.029000,0 days 01:01:09.697000,0 days 01:01:39.586000,355.0,194.0,216.0,314.0,False,MEDIUM,12.0,True,Renault,0 days 00:59:47.098000,2019-09-01 13:39:47.312,1,14.0,False,,False,True,17.2,56.9,968.3,False,28.4,2,2.8
0 days 01:03:31.533000,RIC,3,0 days 00:01:52.214000,14.0,2.0,,,0 days 00:00:31.373000,0 days 00:00:50.901000,0 days 00:00:29.940000,0 days 01:02:10.959000,0 days 01:03:01.860000,0 days 01:03:31.800000,330.0,187.0,215.0,312.0,False,MEDIUM,13.0,True,Renault,0 days 01:01:39.319000,2019-09-01 13:41:39.533,1,13.0,False,,False,True,17.5,56.8,968.3,False,29.2,203,2.1
0 days 01:05:23.682000,RIC,3,0 days 00:01:52.149000,15.0,2.0,,,0 days 00:00:31.368000,0 days 00:00:51.021000,0 days 00:00:29.760000,0 days 01:04:03.168000,0 days 01:04:54.189000,0 days 01:05:23.949000,331.0,193.0,220.0,306.0,False,MEDIUM,14.0,True,Renault,0 days 01:03:31.533000,2019-09-01 13:43:31.747,1,12.0,False,,False,True,17.7,54.5,968.2,False,29.6,183,1.4
0 days 01:07:14.426000,RIC,3,0 days 00:01:50.744000,16.0,2.0,,,0 days 00:00:31.099000,0 days 00:00:49.977000,0 days 00:00:29.668000,0 days 01:05:55.048000,0 days 01:06:45.025000,0 days 01:07:14.693000,338.0,194.0,218.0,314.0,True,MEDIUM,15.0,True,Renault,0 days 01:05:23.682000,2019-09-01 13:45:23.896,1,10.0,False,,False,True,17.8,54.7,968.3,False,29.8,267,2.5
0 days 01:09:05.444000,RIC,3,0 days 00:01:51.018000,17.0,2.0,,,0 days 00:00:31.394000,0 days 00:00:49.969000,0 days 00:00:29.655000,0 days 01:07:46.087000,0 days 01:08:36.056000,0 days 01:09:05.711000,320.0,197.0,217.0,,False,MEDIUM,16.0,True,Renault,0 days 01:07:14.426000,2019-09-01 13:47:14.640,1,9.0,False,,False,True,17.8,55.2,968.3,False,29.6,349,0.7
0 days 01:10:56.402000,RIC,3,0 days 00:01:50.958000,18.0,2.0,,,0 days 00:00:31.480000,0 days 00:00:49.790000,0 days 00:00:29.688000,0 days 01:09:37.191000,0 days 01:10:26.981000,0 days 01:10:56.669000,317.0,193.0,217.0,308.0,False,MEDIUM,17.0,True,Renault,0 days 01:09:05.444000,2019-09-01 13:49:05.658,1,9.0,False,,False,True,17.6,56.0,968.3,False,28.2,74,1.0
0 days 01:12:47.021000,RIC,3,0 days 00:01:50.619000,19.0,2.0,,,0 days 00:00:31.360000,0 days 00:00:49.635000,0 days 00:00:29.624000,0 days 01:11:28.029000,0 days 01:12:17.664000,0 days 01:12:47.288000,318.0,196.0,219.0,312.0,True,MEDIUM,18.0,True,Renault,0 days 01:10:56.402000,2019-09-01 13:50:56.616,1,9.0,False,,False,True,17.6,56.6,968.3,False,28.3,74,0.9
0 days 01:14:37.605000,RIC,3,0 days 00:01:50.584000,20.0,2.0,,,0 days 00:00:31.303000,0 days 00:00:49.658000,0 days 00:00:29.623000,0 days 01:13:18.591000,0 days 01:14:08.249000,0 days 01:14:37.872000,321.0,197.0,219.0,315.0,True,MEDIUM,19.0,True,Renault,0 days 01:12:47.021000,2019-09-01 13:52:47.235,1,9.0,False,,False,True,17.9,55.3,968.3,False,28.3,5,2.2
0 days 01:16:28.056000,RIC,3,0 days 00:01:50.451000,21.0,2.0,,,0 days 00:00:31.240000,0 days 00:00:49.656000,0 days 00:00:29.555000,0 days 01:15:09.112000,0 days 01:15:58.768000,0 days 01:16:28.323000,322.0,196.0,218.0,,True,MEDIUM,20.0,True,Renault,0 days 01:14:37.605000,2019-09-01 13:54:37.819,1,9.0,False,,False,True,17.7,55.7,968.3,False,28.8,1,2.1
0 days 01:18:18.791000,RIC,3,0 days 00:01:50.735000,22.0,2.0,,,0 days 00:00:31.340000,0 days 00:00:49.720000,0 days 00:00:29.675000,0 days 01:16:59.663000,0 days 01:17:49.383000,0 days 01:18:19.058000,319.0,195.0,217.0,313.0,False,MEDIUM,21.0,True,Renault,0 days 01:16:28.056000,2019-09-01 13:56:28.270,1,9.0,False,,False,True,17.8,55.9,968.3,False,29.0,357,2.6
0 days 01:20:09.494000,RIC,3,0 days 00:01:50.703000,23.0,2.0,,,0 days 00:00:31.322000,0 days 00:00:49.831000,0 days 00:00:29.550000,0 days 01:18:50.380000,0 days 01:19:40.211000,0 days 01:20:09.761000,322.0,195.0,218.0,314.0,False,MEDIUM,22.0,True,Renault,0 days 01:18:18.791000,2019-09-01 13:58:19.005,1,8.0,False,,False,True,17.9,55.6,968.3,False,29.8,347,2.5
0 days 01:22:00.165000,RIC,3,0 days 00:01:50.671000,24.0,2.0,,,0 days 00:00:31.335000,0 days 00:00:49.692000,0 days 00:00:29.644000,0 days 01:20:41.096000,0 days 01:21:30.788000,0 days 01:22:00.432000,318.0,196.0,218.0,313.0,False,MEDIUM,23.0,True,Renault,0 days 01:20:09.494000,2019-09-01 14:00:09.708,1,8.0,False,,False,True,18.0,54.2,968.2,False,30.1,21,2.8
0 days 01:23:51.134000,RIC,3,0 days 00:01:50.969000,25.0,2.0,,,0 days 00:00:31.417000,0 days 00:00:49.907000,0 days 00:00:29.645000,0 days 01:22:31.849000,0 days 01:23:21.756000,0 days 01:23:51.401000,314.0,196.0,218.0,314.0,False,MEDIUM,24.0,True,Renault,0 days 01:22:00.165000,2019-09-01 14:02:00.379,1,7.0,False,,False,True,18.0,55.5,968.2,False,30.7,234,1.7
0 days 01:25:42.926000,RIC,3,0 days 00:01:51.792000,26.0,2.0,,,0 days 00:00:31.288000,0 days 00:00:50.881000,0 days 00:00:29.623000,0 days 01:24:22.689000,0 days 01:25:13.570000,0 days 01:25:43.193000,325.0,195.0,218.0,315.0,False,MEDIUM,25.0,True,Renault,0 days 01:23:51.134000,2019-09-01 14:03:51.348,1,8.0,False,,False,True,18.2,55.2,968.3,False,29.7,347,2.5
0 days 01:27:33.644000,RIC,3,0 days 00:01:50.718000,27.0,2.0,,,0 days 00:00:31.311000,0 days 00:00:49.826000,0 days 00:00:29.581000,0 days 01:26:14.504000,0 days 01:27:04.330000,0 days 01:27:33.911000,319.0,195.0,219.0,314.0,False,MEDIUM,26.0,True,Renault,0 days 01:25:42.926000,2019-09-01 14:05:43.140,1,8.0,False,,False,True,17.7,56.1,968.2,False,28.8,350,2.5
0 days 01:29:24.242000,RIC,3,0 days 00:01:50.598000,28.0,2.0,,,0 days 00:00:31.305000,0 days 00:00:49.657000,0 days 00:00:29.636000,0 days 01:28:05.216000,0 days 01:28:54.873000,0 days 01:29:24.509000,318.0,196.0,218.0,,False,MEDIUM,27.0,True,Renault,0 days 01:27:33.644000,2019-09-01 14:07:33.858,1,8.0,False,,False,True,17.4,57.3,968.2,False,28.3,359,2.0
0 days 01:31:15.079000,RIC,3,0 days 00:01:50.837000,29.0,2.0,,,0 days 00:00:31.310000,0 days 00:00:49.722000,0 days 00:00:29.805000,0 days 01:29:55.819000,0 days 01:30:45.541000,0 days 01:31:15.346000,320.0,188.0,218.0,313.0,False,MEDIUM,28.0,True,Renault,0 days 01:29:24.242000,2019-09-01 14:09:24.456,1,7.0,False,,False,True,17.4,57.5,968.3,False,28.3,0,2.6
0 days 01:33:05.976000,RIC,3,0 days 00:01:50.897000,30.0,2.0,,,0 days 00:00:31.510000,0 days 00:00:49.590000,0 days 00:00:29.797000,0 days 01:31:46.856000,0 days 01:32:36.446000,0 days 01:33:06.243000,316.0,194.0,219.0,312.0,False,MEDIUM,29.0,True,Renault,0 days 01:31:15.079000,2019-09-01 14:11:15.293,1,7.0,False,,False,True,17.5,57.6,968.3,False,28.4,7,2.2
0 days 01:34:56.860000,RIC,3,0 days 00:01:50.884000,31.0,2.0,,,0 days 00:00:31.315000,0 days 00:00:49.733000,0 days 00:00:29.836000,0 days 01:33:37.558000,0 days 01:34:27.291000,0 days 01:34:57.127000,317.0,197.0,218.0,313.0,False,MEDIUM,30.0,True,Renault,0 days 01:33:05.976000,2019-09-01 14:13:06.190,1,7.0,False,,False,True,17.7,56.7,968.3,False,29.4,14,2.6
0 days 01:36:47.773000,RIC,3,0 days 00:01:50.913000,32.0,2.0,,,0 days 00:00:31.387000,0 days 00:00:49.741000,0 days 00:00:29.785000,0 days 01:35:28.514000,0 days 01:36:18.255000,0 days 01:36:48.040000,,195.0,219.0,314.0,False,MEDIUM,31.0,True,Renault,0 days 01:34:56.860000,2019-09-01 14:14:57.074,1,7.0,False,,False,True,17.4,57.2,968.3,False,28.9,31,2.5
0 days 01:38:38.885000,RIC,3,0 days 00:01:51.112000,33.0,2.0,,,0 days 00:00:31.466000,0 days 00:00:49.798000,0 days 00:00:29.848000,0 days 01:37:19.506000,0 days 01:38:09.304000,0 days 01:38:39.152000,316.0,195.0,219.0,313.0,False,MEDIUM,32.0,True,Renault,0 days 01:36:47.773000,2019-09-01 14:16:47.987,1,7.0,False,,False,True,17.5,56.7,968.2,False,28.2,2,3.0
0 days 01:40:31.712000,RIC,3,0 days 00:01:52.827000,34.0,2.0,,,0 days 00:00:31.390000,0 days 00:00:51.583000,0 days 00:00:29.854000,0 days 01:39:10.542000,0 days 01:40:02.125000,0 days 01:40:31.979000,325.0,192.0,217.0,,False,MEDIUM,33.0,True,Renault,0 days 01:38:38.885000,2019-09-01 14:18:39.099,1,9.0,False,,False,True,17.8,56.0,968.2,False,28.8,339,2.1
0 days 01:42:22.899000,RIC,3,0 days 00:01:51.187000,35.0,2.0,,,0 days 00:00:31.452000,0 days 00:00:49.983000,0 days 00:00:29.752000,0 days 01:41:03.431000,0 days 01:41:53.414000,0 days 01:42:23.166000,320.0,194.0,219.0,310.0,False,MEDIUM,34.0,True,Renault,0 days 01:40:31.712000,2019-09-01 14:20:31.926,1,9.0,False,,False,True,17.6,56.0,968.3,False,27.8,3,2.7
0 days 01:44:13.714000,RIC,3,0 days 00:01:50.815000,36.0,2.0,,,0 days 00:00:31.289000,0 days 00:00:49.784000,0 days 00:00:29.742000,0 days 01:42:54.455000,0 days 01:43:44.239000,0 days 01:44:13.981000,319.0,194.0,219.0,315.0,False,MEDIUM,35.0,True,Renault,0 days 01:42:22.899000,2019-09-01 14:22:23.113,1,9.0,False,,False,True,17.5,55.6,968.2,False,27.8,10,2.3
0 days 01:46:05.234000,RIC,3,0 days 00:01:51.520000,37.0,2.0,,,0 days 00:00:31.527000,0 days 00:00:50.031000,0 days 00:00:29.962000,0 days 01:44:45.508000,0 days 01:45:35.539000,0 days 01:46:05.501000,314.0,191.0,217.0,313.0,False,MEDIUM,36.0,True,Renault,0 days 01:44:13.714000,2019-09-01 14:24:13.928,1,9.0,False,,False,True,17.3,54.8,968.3,False,28.3,358,1.6
0 days 01:47:57.961000,RIC,3,0 days 00:01:52.727000,38.0,2.0,,,0 days 00:00:31.437000,0 days 00:00:51.137000,0 days 00:00:30.153000,0 days 01:46:36.938000,0 days 01:47:28.075000,0 days 01:47:58.228000,326.0,191.0,219.0,312.0,False,MEDIUM,37.0,True,Renault,0 days 01:46:05.234000,2019-09-01 14:26:05.448,1,10.0,False,,False,True,17.6,54.4,968.3,False,29.5,350,1.2
0 days 01:49:50.680000,RIC,3,0 days 00:01:52.719000,39.0,2.0,,,0 days 00:00:31.489000,0 days 00:00:51.295000,0 days 00:00:29.935000,0 days 01:48:29.717000,0 days 01:49:21.012000,0 days 01:49:50.947000,328.0,189.0,217.0,309.0,False,MEDIUM,38.0,True,Renault,0 days 01:47:57.961000,2019-09-01 14:27:58.175,1,11.0,False,,False,True,17.8,53.5,968.3,False,29.5,12,2.4
0 days 01:51:43.868000,RIC,3,0 days 00:01:53.188000,40.0,2.0,,,0 days 00:00:31.372000,0 days 00:00:50.641000,0 days 00:00:31.175000,0 days 01:50:22.319000,0 days 01:51:12.960000,0 days 01:51:44.135000,320.0,166.0,222.0,311.0,False,MEDIUM,39.0,True,Renault,0 days 01:49:50.680000,2019-09-01 14:29:50.894,1,13.0,False,,False,True,17.9,52.0,968.3,False,28.8,356,2.5
0 days 01:53:39.036000,RIC,3,0 days 00:01:55.168000,41.0,2.0,,,0 days 00:00:31.508000,0 days 00:00:53.508000,0 days 00:00:30.152000,0 days 01:52:15.643000,0 days 01:53:09.151000,0 days 01:53:39.303000,333.0,182.0,219.0,302.0,False,MEDIUM,40.0,True,Renault,0 days 01:51:43.868000,2019-09-01 14:31:44.082,1,13.0,False,,False,True,17.6,53.0,968.3,False,28.8,352,2.5
0 days 01:55:36.600000,RIC,3,0 days 00:01:57.564000,42.0,2.0,,,0 days 00:00:33.527000,0 days 00:00:53.602000,0 days 00:00:30.435000,0 days 01:54:12.830000,0 days 01:55:06.432000,0 days 01:55:36.867000,313.0,193.0,217.0,282.0,False,MEDIUM,41.0,True,Renault,0 days 01:53:39.036000,2019-09-01 14:33:39.250,1,15.0,False,,False,True,17.6,52.9,968.3,False,28.8,127,2.6
0 days 01:57:35.162000,RIC,3,0 days 00:01:58.562000,43.0,2.0,,,0 days 00:00:32.420000,0 days 00:00:54.852000,0 days 00:00:31.290000,0 days 01:56:09.287000,0 days 01:57:04.139000,0 days 01:57:35.429000,315.0,173.0,203.0,287.0,False,MEDIUM,42.0,True,Renault,0 days 01:55:36.600000,2019-09-01 14:35:36.814,12,14.0,False,,False,True,17.8,53.4,968.3,False,28.4,189,1.4
0 days 00:35:44.406000,VER,33,,1.0,1.0,,,,,,,,,,,,,False,SOFT,4.0,False,Red Bull Racing,0 days 00:33:26.693000,2019-09-01 13:13:26.907,124,,False,,True,False,16.9,59.2,968.2,False,27.0,26,2.4
0 days 00:35:52.324000,NOR,4,0 days 00:02:25.499000,1.0,1.0,,,,0 days 00:01:07.900000,0 days 00:00:41.720000,,0 days 00:35:10.778000,0 days 00:35:52.788000,317.0,151.0,206.0,308.0,False,SOFT,1.0,True,McLaren,0 days 00:33:26.693000,2019-09-01 13:13:26.907,124,6.0,False,,False,False,16.9,59.2,968.2,False,27.0,26,2.4
0 days 00:38:50.087000,NOR,4,,2.0,1.0,,,0 days 00:01:02.354000,0 days 00:01:14.846000,0 days 00:00:40.583000,0 days 00:36:55.092000,0 days 00:38:09.678000,0 days 00:38:50.722000,239.0,139.0,131.0,79.0,False,SOFT,2.0,True,McLaren,0 days 00:35:52.324000,2019-09-01 13:15:52.538,4,5.0,False,,False,False,17.2,58.0,968.2,False,27.7,353,2.1
0 days 00:41:49.844000,NOR,4,,3.0,1.0,,,0 days 00:00:54.897000,0 days 00:01:12.268000,0 days 00:00:52.624000,0 days 00:39:45.263000,0 days 00:40:57.394000,0 days 00:41:50.153000,273.0,93.0,150.0,240.0,False,SOFT,3.0,True,McLaren,0 days 00:38:50.087000,2019-09-01 13:18:50.301,4,5.0,False,,False,False,17.3,56.1,968.1,False,29.2,34,2.9
0 days 00:44:41.649000,NOR,4,,4.0,1.0,,,0 days 00:00:43.757000,0 days 00:01:15.492000,0 days 00:00:52.549000,0 days 00:42:33.904000,0 days 00:43:49.274000,0 days 00:44:43.015000,277.0,112.0,223.0,217.0,False,SOFT,4.0,True,McLaren,0 days 00:41:49.844000,2019-09-01 13:21:50.058,41,5.0,False,,False,False,17.5,55.2,968.2,False,28.5,4,1.9
0 days 00:46:34.222000,NOR,4,0 days 00:01:52.573000,5.0,1.0,,,0 days 00:00:31.724000,0 days 00:00:51.186000,0 days 00:00:29.663000,0 days 00:45:13.547000,0 days 00:46:04.733000,0 days 00:46:34.396000,315.0,195.0,218.0,312.0,True,SOFT,5.0,True,McLaren,0 days 00:44:41.649000,2019-09-01 13:24:41.863,1,5.0,False,,False,True,17.4,56.3,968.2,False,27.8,27,2.0
0 days 00:48:25.734000,NOR,4,0 days 00:01:51.512000,6.0,1.0,,,0 days 00:00:31.644000,0 days 00:00:50.124000,0 days 00:00:29.744000,0 days 00:47:06.040000,0 days 00:47:56.164000,0 days 00:48:25.908000,310.0,196.0,218.0,310.0,True,SOFT,6.0,True,McLaren,0 days 00:46:34.222000,2019-09-01 13:26:34.436,1,5.0,False,,False,True,17.4,56.8,968.2,False,27.3,333,1.6
0 days 00:50:17.093000,NOR,4,0 days 00:01:51.359000,7.0,1.0,,,0 days 00:00:31.637000,0 days 00:00:49.884000,0 days 00:00:29.838000,0 days 00:48:57.545000,0 days 00:49:47.429000,0 days 00:50:17.267000,307.0,193.0,216.0,309.0,True,SOFT,7.0,True,McLaren,0 days 00:48:25.734000,2019-09-01 13:28:25.948,1,5.0,False,,False,True,17.6,56.9,968.3,False,27.3,319,0.8
0 days 00:52:08.440000,NOR,4,0 days 00:01:51.347000,8.0,1.0,,,0 days 00:00:31.715000,0 days 00:00:49.909000,0 days 00:00:29.723000,0 days 00:50:48.982000,0 days 00:51:38.891000,0 days 00:52:08.614000,,194.0,217.0,,True,SOFT,8.0,True,McLaren,0 days 00:50:17.093000,2019-09-01 13:30:17.307,1,5.0,False,,False,True,17.2,56.8,968.2,False,26.6,222,1.5
0 days 00:53:59.573000,NOR,4,0 days 00:01:51.133000,9.0,1.0,,,0 days 00:00:31.821000,0 days 00:00:49.601000,0 days 00:00:29.711000,0 days 00:52:40.435000,0 days 00:53:30.036000,0 days 00:53:59.747000,306.0,197.0,217.0,307.0,True,SOFT,9.0,True,McLaren,0 days 00:52:08.440000,2019-09-01 13:32:08.654,1,5.0,False,,False,True,17.4,57.5,968.2,False,26.6,1,2.9
0 days 00:55:50.273000,NOR,4,0 days 00:01:50.700000,10.0,1.0,,,0 days 00:00:31.711000,0 days 00:00:49.265000,0 days 00:00:29.724000,0 days 00:54:31.458000,0 days 00:55:20.723000,0 days 00:55:50.447000,,194.0,218.0,306.0,True,SOFT,10.0,True,McLaren,0 days 00:53:59.573000,2019-09-01 13:33:59.787,1,5.0,False,,False,True,17.3,57.7,968.3,False,26.8,273,0.9
0 days 00:57:40.919000,NOR,4,0 days 00:01:50.646000,11.0,1.0,,,0 days 00:00:31.636000,0 days 00:00:49.254000,0 days 00:00:29.756000,0 days 00:56:22.083000,0 days 00:57:11.337000,0 days 00:57:41.093000,,193.0,217.0,307.0,True,SOFT,11.0,True,McLaren,0 days 00:55:50.273000,2019-09-01 13:35:50.487,1,5.0,False,,False,True,17.2,58.0,968.3,False,27.1,245,1.9
0 days 00:59:31.455000,NOR,4,0 days 00:01:50.536000,12.0,1.0,,,0 days 00:00:31.686000,0 days 00:00:49.140000,0 days 00:00:29.710000,0 days 00:58:12.779000,0 days 00:59:01.919000,0 days 00:59:31.629000,,198.0,217.0,308.0,True,SOFT,12.0,True,McLaren,0 days 00:57:40.919000,2019-09-01 13:37:41.133,1,5.0,False,,False,True,17.3,58.4,968.2,False,27.1,16,1.6
0 days 01:01:21.658000,NOR,4,0 days 00:01:50.203000,13.0,1.0,,,0 days 00:00:31.695000,0 days 00:00:48.961000,0 days 00:00:29.547000,0 days 01:00:03.324000,0 days 01:00:52.285000,0 days 01:01:21.832000,307.0,198.0,217.0,,True,SOFT,13.0,True,McLaren,0 days 00:59:31.455000,2019-09-01 13:39:31.669,1,5.0,False,,False,True,17.2,56.9,968.3,False,28.4,2,2.8
0 days 01:03:11.637000,NOR,4,0 days 00:01:49.979000,14.0,1.0,,,0 days 00:00:31.677000,0 days 00:00:48.765000,0 days 00:00:29.537000,0 days 01:01:53.509000,0 days 01:02:42.274000,0 days 01:03:11.811000,,198.0,217.0,310.0,True,SOFT,14.0,True,McLaren,0 days 01:01:21.658000,2019-09-01 13:41:21.872,1,5.0,False,,False,True,17.5,56.9,968.1,False,29.0,12,2.2
0 days 01:05:01.757000,NOR,4,0 days 00:01:50.120000,15.0,1.0,,,0 days 00:00:31.788000,0 days 00:00:48.803000,0 days 00:00:29.529000,0 days 01:03:43.599000,0 days 01:04:32.402000,0 days 01:05:01.931000,306.0,198.0,218.0,306.0,False,SOFT,15.0,True,McLaren,0 days 01:03:11.637000,2019-09-01 13:43:11.851,1,5.0,False,,False,True,17.6,56.0,968.2,False,29.2,307,0.9
0 days 01:06:52.029000,NOR,4,0 days 00:01:50.272000,16.0,1.0,,,0 days 00:00:31.742000,0 days 00:00:48.996000,0 days 00:00:29.534000,0 days 01:05:33.673000,0 days 01:06:22.669000,0 days 01:06:52.203000,,194.0,219.0,310.0,False,SOFT,16.0,True,McLaren,0 days 01:05:01.757000,2019-09-01 13:45:01.971,1,4.0,False,,False,True,17.8,54.7,968.3,False,29.8,267,2.5
0 days 01:08:43.372000,NOR,4,0 days 00:01:51.343000,17.0,1.0,,,0 days 00:00:31.641000,0 days 00:00:50.173000,0 days 00:00:29.529000,0 days 01:07:23.844000,0 days 01:08:14.017000,0 days 01:08:43.546000,300.0,193.0,217.0,308.0,False,SOFT,17.0,True,McLaren,0 days 01:06:52.029000,2019-09-01 13:46:52.243,1,5.0,False,,False,True,17.8,55.2,968.3,False,29.6,349,0.7
0 days 01:10:33.940000,NOR,4,0 days 00:01:50.568000,18.0,1.0,,,0 days 00:00:31.545000,0 days 00:00:49.394000,0 days 00:00:29.629000,0 days 01:09:15.091000,0 days 01:10:04.485000,0 days 01:10:34.114000,307.0,193.0,220.0,311.0,False,SOFT,18.0,True,McLaren,0 days 01:08:43.372000,2019-09-01 13:48:43.586,1,5.0,False,,False,True,17.6,56.0,968.3,False,28.2,74,1.0
0 days 01:16:20.605000,NOR,4,0 days 00:01:48.321000,21.0,2.0,,,0 days 00:00:30.863000,0 days 00:00:48.144000,0 days 00:00:29.314000,0 days 01:15:03.321000,0 days 01:15:51.465000,0 days 01:16:20.779000,320.0,202.0,222.0,316.0,True,MEDIUM,2.0,True,McLaren,0 days 01:14:32.284000,2019-09-01 13:54:32.498,1,5.0,False,,False,True,17.7,55.7,968.3,False,28.8,1,2.1
0 days 01:18:09.635000,NOR,4,0 days 00:01:49.030000,22.0,2.0,,,0 days 00:00:31.551000,0 days 00:00:48.090000,0 days 00:00:29.389000,0 days 01:16:52.330000,0 days 01:17:40.420000,0 days 01:18:09.809000,303.0,202.0,221.0,305.0,False,MEDIUM,3.0,True,McLaren,0 days 01:16:20.605000,2019-09-01 13:56:20.819,1,5.0,False,,False,True,17.8,55.9,968.3,False,29.0,357,2.6
0 days 01:19:58.591000,NOR,4,0 days 00:01:48.956000,23.0,2.0,,,0 days 00:00:31.454000,0 days 00:00:48.102000,0 days 00:00:29.400000,0 days 01:18:41.263000,0 days 01:19:29.365000,0 days 01:19:58.765000,306.0,197.0,220.0,307.0,False,MEDIUM,4.0,True,McLaren,0 days 01:18:09.635000,2019-09-01 13:58:09.849,1,5.0,False,,False,True,17.9,55.6,968.3,False,29.8,347,2.5
0 days 01:21:47.834000,NOR,4,0 days 00:01:49.243000,24.0,2.0,,,0 days 00:00:31.486000,0 days 00:00:48.321000,0 days 00:00:29.436000,0 days 01:20:30.251000,0 days 01:21:18.572000,0 days 01:21:48.008000,,200.0,220.0,,False,MEDIUM,5.0,True,McLaren,0 days 01:19:58.591000,2019-09-01 13:59:58.805,1,5.0,False,,False,True,18.0,54.2,968.2,False,30.1,21,2.8
0 days 01:23:37.011000,NOR,4,0 days 00:01:49.177000,25.0,2.0,,,0 days 00:00:31.476000,0 days 00:00:48.330000,0 days 00:00:29.371000,0 days 01:22:19.484000,0 days 01:23:07.814000,0 days 01:23:37.185000,305.0,198.0,220.0,309.0,False,MEDIUM,6.0,True,McLaren,0 days 01:21:47.834000,2019-09-01 14:01:48.048,1,5.0,False,,False,True,18.0,55.5,968.2,False,30.7,234,1.7
0 days 01:25:26.064000,NOR,4,0 days 00:01:49.053000,26.0,2.0,,,0 days 00:00:31.460000,0 days 00:00:48.259000,0 days 00:00:29.334000,0 days 01:24:08.645000,0 days 01:24:56.904000,0 days 01:25:26.238000,,200.0,220.0,,False,MEDIUM,7.0,True,McLaren,0 days 01:23:37.011000,2019-09-01 14:03:37.225,1,5.0,False,,False,True,18.2,55.2,968.3,False,29.7,347,2.5
0 days 01:27:14.807000,NOR,4,0 days 00:01:48.743000,27.0,2.0,,,0 days 00:00:31.454000,0 days 00:00:47.961000,0 days 00:00:29.328000,0 days 01:25:57.692000,0 days 01:26:45.653000,0 days 01:27:14.981000,307.0,200.0,221.0,308.0,False,MEDIUM,8.0,True,McLaren,0 days 01:25:26.064000,2019-09-01 14:05:26.278,1,5.0,False,,False,True,17.8,55.6,968.3,False,28.9,8,2.8
0 days 01:29:03.963000,NOR,4,0 days 00:01:49.156000,28.0,2.0,,,0 days 00:00:31.522000,0 days 00:00:48.209000,0 days 00:00:29.425000,0 days 01:27:46.503000,0 days 01:28:34.712000,0 days 01:29:04.137000,305.0,199.0,220.0,,False,MEDIUM,9.0,True,McLaren,0 days 01:27:14.807000,2019-09-01 14:07:15.021,1,5.0,False,,False,True,17.5,56.8,968.2,False,28.5,4,3.3
0 days 01:30:52.960000,NOR,4,0 days 00:01:48.997000,29.0,2.0,,,0 days 00:00:31.514000,0 days 00:00:48.093000,0 days 00:00:29.390000,0 days 01:29:35.651000,0 days 01:30:23.744000,0 days 01:30:53.134000,306.0,197.0,221.0,309.0,False,MEDIUM,10.0,True,McLaren,0 days 01:29:03.963000,2019-09-01 14:09:04.177,1,5.0,False,,False,True,17.4,57.5,968.3,False,28.3,0,2.6
0 days 01:32:42.491000,NOR,4,0 days 00:01:49.531000,30.0,2.0,,,0 days 00:00:31.437000,0 days 00:00:48.488000,0 days 00:00:29.606000,0 days 01:31:24.571000,0 days 01:32:13.059000,0 days 01:32:42.665000,,197.0,219.0,,False,MEDIUM,11.0,True,McLaren,0 days 01:30:52.960000,2019-09-01 14:10:53.174,1,5.0,False,,False,True,17.5,57.6,968.3,False,28.4,7,2.2
0 days 01:34:31.590000,NOR,4,0 days 00:01:49.099000,31.0,2.0,,,0 days 00:00:31.555000,0 days 00:00:48.098000,0 days 00:00:29.446000,0 days 01:33:14.220000,0 days 01:34:02.318000,0 days 01:34:31.764000,,196.0,220.0,,False,MEDIUM,12.0,True,McLaren,0 days 01:32:42.491000,2019-09-01 14:12:42.705,1,5.0,False,,False,True,17.7,56.7,968.3,False,29.4,14,2.6
0 days 01:36:20.719000,NOR,4,0 days 00:01:49.129000,32.0,2.0,,,0 days 00:00:31.423000,0 days 00:00:48.213000,0 days 00:00:29.493000,0 days 01:35:03.187000,0 days 01:35:51.400000,0 days 01:36:20.893000,308.0,198.0,221.0,,False,MEDIUM,13.0,True,McLaren,0 days 01:34:31.590000,2019-09-01 14:14:31.804,1,5.0,False,,False,True,17.4,57.2,968.3,False,28.9,31,2.5
0 days 01:38:10.099000,NOR,4,0 days 00:01:49.380000,33.0,2.0,,,0 days 00:00:31.479000,0 days 00:00:48.431000,0 days 00:00:29.470000,0 days 01:36:52.372000,0 days 01:37:40.803000,0 days 01:38:10.273000,307.0,199.0,220.0,310.0,False,MEDIUM,14.0,True,McLaren,0 days 01:36:20.719000,2019-09-01 14:16:20.933,1,5.0,False,,False,True,17.5,57.0,968.3,False,28.5,5,2.5
0 days 01:39:59.315000,NOR,4,0 days 00:01:49.216000,34.0,2.0,,,0 days 00:00:31.422000,0 days 00:00:48.344000,0 days 00:00:29.450000,0 days 01:38:41.695000,0 days 01:39:30.039000,0 days 01:39:59.489000,306.0,198.0,221.0,309.0,False,MEDIUM,15.0,True,McLaren,0 days 01:38:10.099000,2019-09-01 14:18:10.313,1,5.0,False,,False,True,17.6,57.1,968.2,False,28.2,293,2.4
0 days 01:41:48.233000,NOR,4,0 days 00:01:48.918000,35.0,2.0,,,0 days 00:00:31.381000,0 days 00:00:48.137000,0 days 00:00:29.400000,0 days 01:40:30.870000,0 days 01:41:19.007000,0 days 01:41:48.407000,307.0,198.0,221.0,310.0,False,MEDIUM,16.0,True,McLaren,0 days 01:39:59.315000,2019-09-01 14:19:59.529,1,5.0,False,,False,True,17.7,55.9,968.2,False,28.8,3,1.9
0 days 01:43:37.664000,NOR,4,0 days 00:01:49.431000,36.0,2.0,,,0 days 00:00:31.446000,0 days 00:00:48.315000,0 days 00:00:29.670000,0 days 01:42:19.853000,0 days 01:43:08.168000,0 days 01:43:37.838000,306.0,194.0,221.0,311.0,False,MEDIUM,17.0,True,McLaren,0 days 01:41:48.233000,2019-09-01 14:21:48.447,1,5.0,False,,False,True,17.5,55.6,968.2,False,27.8,10,2.3
0 days 01:45:27.126000,NOR,4,0 days 00:01:49.462000,37.0,2.0,,,0 days 00:00:31.459000,0 days 00:00:48.445000,0 days 00:00:29.558000,0 days 01:44:09.297000,0 days 01:44:57.742000,0 days 01:45:27.300000,307.0,196.0,221.0,309.0,False,MEDIUM,18.0,True,McLaren,0 days 01:43:37.664000,2019-09-01 14:23:37.878,1,5.0,False,,False,True,17.3,54.8,968.3,False,28.3,358,1.6
0 days 01:47:16.585000,NOR,4,0 days 00:01:49.459000,38.0,2.0,,,0 days 00:00:31.534000,0 days 00:00:48.423000,0 days 00:00:29.502000,0 days 01:45:58.834000,0 days 01:46:47.257000,0 days 01:47:16.759000,306.0,198.0,221.0,,False,MEDIUM,19.0,True,McLaren,0 days 01:45:27.126000,2019-09-01 14:25:27.340,1,5.0,False,,False,True,17.5,54.5,968.3,False,28.9,348,1.4
0 days 01:49:05.933000,NOR,4,0 days 00:01:49.348000,39.0,2.0,,,0 days 00:00:31.490000,0 days 00:00:48.415000,0 days 00:00:29.443000,0 days 01:47:48.249000,0 days 01:48:36.664000,0 days 01:49:06.107000,307.0,198.0,222.0,308.0,False,MEDIUM,20.0,True,McLaren,0 days 01:47:16.585000,2019-09-01 14:27:16.799,1,5.0,False,,False,True,17.8,53.8,968.3,False,29.6,4,2.2
0 days 01:50:55.741000,NOR,4,0 days 00:01:49.808000,40.0,2.0,,,0 days 00:00:31.484000,0 days 00:00:48.738000,0 days 00:00:29.586000,0 days 01:49:37.591000,0 days 01:50:26.329000,0 days 01:50:55.915000,304.0,200.0,222.0,310.0,False,MEDIUM,21.0,True,McLaren,0 days 01:49:05.933000,2019-09-01 14:29:06.147,1,5.0,False,,False,True,17.9,53.0,968.3,False,28.9,2,1.9
0 days 01:52:45.093000,NOR,4,0 days 00:01:49.352000,41.0,2.0,,,0 days 00:00:31.559000,0 days 00:00:48.209000,0 days 00:00:29.584000,0 days 01:51:27.474000,0 days 01:52:15.683000,0 days 01:52:45.267000,308.0,200.0,222.0,308.0,False,MEDIUM,22.0,True,McLaren,0 days 01:50:55.741000,2019-09-01 14:30:55.955,1,5.0,False,,False,True,17.8,52.4,968.3,False,28.8,2,1.8
0 days 01:54:34.254000,NOR,4,0 days 00:01:49.161000,42.0,2.0,,,0 days 00:00:31.491000,0 days 00:00:48.147000,0 days 00:00:29.523000,0 days 01:53:16.758000,0 days 01:54:04.905000,0 days 01:54:34.428000,,199.0,220.0,309.0,False,MEDIUM,23.0,True,McLaren,0 days 01:52:45.093000,2019-09-01 14:32:45.307,1,5.0,False,,False,True,17.8,52.8,968.4,False,28.9,356,1.8
0 days 01:56:27.528000,NOR,4,0 days 00:01:53.274000,43.0,2.0,,,0 days 00:00:31.510000,0 days 00:00:48.406000,0 days 00:00:33.358000,0 days 01:55:05.938000,0 days 01:55:54.344000,0 days 01:56:27.702000,309.0,197.0,86.0,308.0,False,MEDIUM,24.0,True,McLaren,0 days 01:54:34.254000,2019-09-01 14:34:34.468,12,5.0,False,,False,True,17.6,53.4,968.3,False,28.8,34,0.7
0 days 01:56:44.355000,NOR,4,,44.0,2.0,,,,,,,,,,,,,,MEDIUM,25.0,True,McLaren,0 days 01:56:27.528000,,2,,False,,True,False,17.8,53.4,968.3,False,28.4,189,1.4
0 days 00:35:47.862000,HAM,44,0 days 00:02:21.040000,1.0,1.0,,,,0 days 00:01:06.483000,0 days 00:00:40.289000,,0 days 00:35:07.755000,0 days 00:35:48.241000,316.0,167.0,147.0,306.0,False,SOFT,6.0,False,Mercedes,0 days 00:33:26.693000,2019-09-01 13:13:26.907,124,4.0,False,,False,False,16.9,59.2,968.2,False,27.0,26,2.4
0 days 00:38:46.925000,HAM,44,,2.0,1.0,,,0 days 00:01:03.748000,0 days 00:01:14.543000,0 days 00:00:40.789000,0 days 00:36:51.775000,0 days 00:38:06.463000,0 days 00:38:47.198000,225.0,187.0,116.0,91.0,False,SOFT,7.0,False,Mercedes,0 days 00:35:47.862000,2019-09-01 13:15:48.076,4,3.0,False,,False,False,17.2,58.0,968.2,False,27.7,353,2.1
0 days 00:41:47.543000,HAM,44,,3.0,1.0,,,0 days 00:00:55.347000,0 days 00:01:13.067000,0 days 00:00:52.254000,0 days 00:39:42.404000,0 days 00:40:55.805000,0 days 00:41:47.872000,269.0,94.0,157.0,194.0,False,SOFT,8.0,False,Mercedes,0 days 00:38:46.925000,2019-09-01 13:18:47.139,4,3.0,False,,False,False,17.3,56.1,968.1,False,29.2,34,2.9
0 days 00:44:40.672000,HAM,44,,4.0,1.0,,,0 days 00:00:44.098000,0 days 00:01:15.676000,0 days 00:00:53.352000,0 days 00:42:31.885000,0 days 00:43:47.505000,0 days 00:44:41.560000,236.0,130.0,219.0,170.0,False,SOFT,9.0,False,Mercedes,0 days 00:41:47.543000,2019-09-01 13:21:47.757,41,3.0,False,,False,False,17.5,55.2,968.2,False,28.5,4,1.9
0 days 00:46:31.471000,HAM,44,0 days 00:01:50.799000,5.0,1.0,,,0 days 00:00:31.592000,0 days 00:00:49.682000,0 days 00:00:29.525000,0 days 00:45:12.446000,0 days 00:46:02.128000,0 days 00:46:31.653000,325.0,197.0,218.0,311.0,True,SOFT,10.0,False,Mercedes,0 days 00:44:40.672000,2019-09-01 13:24:40.886,1,3.0,False,,False,True,17.4,56.3,968.2,False,27.8,27,2.0
0 days 00:48:21.641000,HAM,44,0 days 00:01:50.170000,6.0,1.0,,,0 days 00:00:31.568000,0 days 00:00:48.877000,0 days 00:00:29.725000,0 days 00:47:03.221000,0 days 00:47:52.098000,0 days 00:48:21.823000,311.0,198.0,218.0,309.0,True,SOFT,11.0,False,Mercedes,0 days 00:46:31.471000,2019-09-01 13:26:31.685,1,3.0,False,,False,True,17.4,56.8,968.2,False,27.3,333,1.6
0 days 00:50:11.601000,HAM,44,0 days 00:01:49.960000,7.0,1.0,,,0 days 00:00:31.674000,0 days 00:00:48.567000,0 days 00:00:29.719000,0 days 00:48:53.497000,0 days 00:49:42.064000,0 days 00:50:11.783000,307.0,197.0,217.0,308.0,True,SOFT,12.0,False,Mercedes,0 days 00:48:21.641000,2019-09-01 13:28:21.855,1,3.0,False,,False,True,17.6,56.9,968.3,False,27.3,319,0.8
0 days 00:52:01.112000,HAM,44,0 days 00:01:49.511000,8.0,1.0,,,0 days 00:00:31.517000,0 days 00:00:48.362000,0 days 00:00:29.632000,0 days 00:50:43.300000,0 days 00:51:31.662000,0 days 00:52:01.294000,311.0,197.0,217.0,,True,SOFT,13.0,False,Mercedes,0 days 00:50:11.601000,2019-09-01 13:30:11.815,1,3.0,False,,False,True,17.2,56.8,968.2,False,26.6,222,1.5
0 days 00:53:50.790000,HAM,44,0 days 00:01:49.678000,9.0,1.0,,,0 days 00:00:31.608000,0 days 00:00:48.441000,0 days 00:00:29.629000,0 days 00:52:32.902000,0 days 00:53:21.343000,0 days 00:53:50.972000,,193.0,219.0,,False,SOFT,14.0,False,Mercedes,0 days 00:52:01.112000,2019-09-01 13:32:01.326,1,3.0,False,,False,True,17.4,57.5,968.2,False,26.6,1,2.9
0 days 00:55:40.648000,HAM,44,0 days 00:01:49.858000,10.0,1.0,,,0 days 00:00:31.507000,0 days 00:00:48.709000,0 days 00:00:29.642000,0 days 00:54:22.479000,0 days 00:55:11.188000,0 days 00:55:40.830000,312.0,193.0,219.0,309.0,False,SOFT,15.0,False,Mercedes,0 days 00:53:50.790000,2019-09-01 13:33:51.004,1,3.0,False,,False,True,17.3,57.7,968.3,False,26.8,273,0.9
0 days 00:57:30.281000,HAM,44,0 days 00:01:49.633000,11.0,1.0,,,0 days 00:00:31.262000,0 days 00:00:48.659000,0 days 00:00:29.712000,0 days 00:56:12.092000,0 days 00:57:00.751000,0 days 00:57:30.463000,326.0,184.0,219.0,310.0,False,SOFT,16.0,False,Mercedes,0 days 00:55:40.648000,2019-09-01 13:35:40.862,1,3.0,False,,False,True,17.2,58.0,968.3,False,27.1,245,1.9
0 days 00:59:19.732000,HAM,44,0 days 00:01:49.451000,12.0,1.0,,,0 days 00:00:31.465000,0 days 00:00:48.447000,0 days 00:00:29.539000,0 days 00:58:01.928000,0 days 00:58:50.375000,0 days 00:59:19.914000,313.0,197.0,218.0,,True,SOFT,17.0,False,Mercedes,0 days 00:57:30.281000,2019-09-01 13:37:30.495,1,3.0,False,,False,True,17.3,58.4,968.2,False,27.1,16,1.6
0 days 01:01:09.087000,HAM,44,0 days 00:01:49.355000,13.0,1.0,,,0 days 00:00:31.506000,0 days 00:00:48.350000,0 days 00:00:29.499000,0 days 00:59:51.420000,0 days 01:00:39.770000,0 days 01:01:09.269000,314.0,196.0,217.0,311.0,True,SOFT,18.0,False,Mercedes,0 days 00:59:19.732000,2019-09-01 13:39:19.946,1,3.0,False,,False,True,17.4,55.9,968.2,False,27.8,19,1.5
0 days 01:02:58.321000,HAM,44,0 days 00:01:49.234000,14.0,1.0,,,0 days 00:00:31.432000,0 days 00:00:48.236000,0 days 00:00:29.566000,0 days 01:01:40.701000,0 days 01:02:28.937000,0 days 01:02:58.503000,313.0,196.0,216.0,,True,SOFT,19.0,False,Mercedes,0 days 01:01:09.087000,2019-09-01 13:41:09.301,1,3.0,False,,False,True,17.5,56.9,968.1,False,29.0,12,2.2
0 days 01:04:47.607000,HAM,44,0 days 00:01:49.286000,15.0,1.0,,,0 days 00:00:31.525000,0 days 00:00:48.249000,0 days 00:00:29.512000,0 days 01:03:30.028000,0 days 01:04:18.277000,0 days 01:04:47.789000,,196.0,218.0,310.0,False,SOFT,20.0,False,Mercedes,0 days 01:02:58.321000,2019-09-01 13:42:58.535,1,2.0,False,,False,True,17.6,56.0,968.2,False,29.2,307,0.9
0 days 01:06:36.553000,HAM,44,0 days 00:01:48.946000,16.0,1.0,,,0 days 00:00:31.550000,0 days 00:00:47.800000,0 days 00:00:29.596000,0 days 01:05:19.339000,0 days 01:06:07.139000,0 days 01:06:36.735000,309.0,197.0,218.0,308.0,True,SOFT,21.0,False,Mercedes,0 days 01:04:47.607000,2019-09-01 13:44:47.821,1,2.0,False,,False,True,17.8,54.7,968.3,False,29.8,267,2.5
0 days 01:08:25.474000,HAM,44,0 days 00:01:48.921000,17.0,1.0,,,0 days 00:00:31.538000,0 days 00:00:47.875000,0 days 00:00:29.508000,0 days 01:07:08.273000,0 days 01:07:56.148000,0 days 01:08:25.656000,,198.0,219.0,,True,SOFT,22.0,False,Mercedes,0 days 01:06:36.553000,2019-09-01 13:46:36.767,1,2.0,False,,False,True,17.8,55.2,968.3,False,29.6,349,0.7
0 days 01:10:14.593000,HAM,44,0 days 00:01:49.119000,18.0,1.0,,,0 days 00:00:31.537000,0 days 00:00:47.973000,0 days 00:00:29.609000,0 days 01:08:57.193000,0 days 01:09:45.166000,0 days 01:10:14.775000,306.0,195.0,218.0,307.0,False,SOFT,23.0,False,Mercedes,0 days 01:08:25.474000,2019-09-01 13:48:25.688,1,2.0,False,,False,True,17.6,55.6,968.3,False,28.7,0,1.4
0 days 01:12:03.832000,HAM,44,0 days 00:01:49.239000,19.0,1.0,,,0 days 00:00:31.568000,0 days 00:00:48.087000,0 days 00:00:29.584000,0 days 01:10:46.343000,0 days 01:11:34.430000,0 days 01:12:04.014000,309.0,198.0,219.0,308.0,False,SOFT,24.0,False,Mercedes,0 days 01:10:14.593000,2019-09-01 13:50:14.807,1,2.0,False,,False,True,17.5,56.3,968.3,False,28.2,177,1.0
0 days 01:13:52.922000,HAM,44,0 days 00:01:49.090000,20.0,1.0,,,0 days 00:00:31.531000,0 days 00:00:47.923000,0 days 00:00:29.636000,0 days 01:12:35.545000,0 days 01:13:23.468000,0 days 01:13:53.104000,310.0,200.0,218.0,307.0,False,SOFT,25.0,False,Mercedes,0 days 01:12:03.832000,2019-09-01 13:52:04.046,1,2.0,False,,False,True,17.8,56.1,968.3,False,28.3,20,1.0
0 days 01:15:41.668000,HAM,44,0 days 00:01:48.746000,21.0,1.0,,,0 days 00:00:31.495000,0 days 00:00:47.721000,0 days 00:00:29.530000,0 days 01:14:24.599000,0 days 01:15:12.320000,0 days 01:15:41.850000,,195.0,218.0,308.0,True,SOFT,26.0,False,Mercedes,0 days 01:13:52.922000,2019-09-01 13:53:53.136,1,1.0,False,,False,True,17.8,55.4,968.2,False,28.3,18,2.0
0 days 01:21:24.617000,HAM,44,0 days 00:01:46.580000,24.0,2.0,,,0 days 00:00:31.332000,0 days 00:00:46.225000,0 days 00:00:29.023000,0 days 01:20:09.551000,0 days 01:20:55.776000,0 days 01:21:24.799000,308.0,205.0,223.0,307.0,True,MEDIUM,2.0,True,Mercedes,0 days 01:19:38.037000,2019-09-01 13:59:38.251,1,3.0,False,,False,True,18.0,54.2,968.2,False,30.1,21,2.8
0 days 01:23:11.476000,HAM,44,0 days 00:01:46.859000,25.0,2.0,,,0 days 00:00:31.261000,0 days 00:00:46.549000,0 days 00:00:29.049000,0 days 01:21:56.060000,0 days 01:22:42.609000,0 days 01:23:11.658000,307.0,204.0,222.0,308.0,False,MEDIUM,3.0,True,Mercedes,0 days 01:21:24.617000,2019-09-01 14:01:24.831,1,3.0,False,,False,True,17.9,55.2,968.1,False,30.4,85,2.9
0 days 01:24:58.207000,HAM,44,0 days 00:01:46.731000,26.0,2.0,,,0 days 00:00:31.181000,0 days 00:00:46.509000,0 days 00:00:29.041000,0 days 01:23:42.839000,0 days 01:24:29.348000,0 days 01:24:58.389000,309.0,203.0,221.0,309.0,False,MEDIUM,4.0,True,Mercedes,0 days 01:23:11.476000,2019-09-01 14:03:11.690,1,3.0,False,,False,True,18.2,56.3,968.3,False,30.4,346,1.5
0 days 01:26:44.881000,HAM,44,0 days 00:01:46.674000,27.0,2.0,,,0 days 00:00:31.142000,0 days 00:00:46.550000,0 days 00:00:28.982000,0 days 01:25:29.531000,0 days 01:26:16.081000,0 days 01:26:45.063000,312.0,201.0,221.0,310.0,False,MEDIUM,5.0,True,Mercedes,0 days 01:24:58.207000,2019-09-01 14:04:58.421,1,3.0,False,,False,True,17.8,55.6,968.3,False,28.9,8,2.8
0 days 01:28:31.872000,HAM,44,0 days 00:01:46.991000,28.0,2.0,,,0 days 00:00:31.076000,0 days 00:00:46.888000,0 days 00:00:29.027000,0 days 01:27:16.139000,0 days 01:28:03.027000,0 days 01:28:32.054000,314.0,202.0,221.0,312.0,False,MEDIUM,6.0,True,Mercedes,0 days 01:26:44.881000,2019-09-01 14:06:45.095,1,3.0,False,,False,True,17.5,56.8,968.2,False,28.5,4,3.3
0 days 01:30:20.123000,HAM,44,0 days 00:01:48.251000,29.0,2.0,,,0 days 00:00:31.094000,0 days 00:00:47.378000,0 days 00:00:29.779000,0 days 01:29:03.148000,0 days 01:29:50.526000,0 days 01:30:20.305000,317.0,199.0,221.0,,False,MEDIUM,7.0,True,Mercedes,0 days 01:28:31.872000,2019-09-01 14:08:32.086,1,3.0,False,,False,True,17.4,57.5,968.3,False,28.3,0,2.6
0 days 01:32:07.744000,HAM,44,0 days 00:01:47.621000,30.0,2.0,,,0 days 00:00:31.113000,0 days 00:00:47.264000,0 days 00:00:29.244000,0 days 01:30:51.418000,0 days 01:31:38.682000,0 days 01:32:07.926000,,200.0,221.0,,False,MEDIUM,8.0,True,Mercedes,0 days 01:30:20.123000,2019-09-01 14:10:20.337,1,3.0,False,,False,True,17.4,57.2,968.3,False,28.4,329,2.5
0 days 01:33:56.241000,HAM,44,0 days 00:01:48.497000,31.0,2.0,,,0 days 00:00:30.815000,0 days 00:00:48.206000,0 days 00:00:29.476000,0 days 01:32:38.741000,0 days 01:33:26.947000,0 days 01:33:56.423000,331.0,201.0,227.0,316.0,False,MEDIUM,9.0,True,Mercedes,0 days 01:32:07.744000,2019-09-01 14:12:07.958,1,3.0,False,,False,True,17.6,56.5,968.3,False,28.9,310,2.7
0 days 01:35:43.358000,HAM,44,0 days 00:01:47.117000,32.0,2.0,,,0 days 00:00:30.840000,0 days 00:00:47.151000,0 days 00:00:29.126000,0 days 01:34:27.263000,0 days 01:35:14.414000,0 days 01:35:43.540000,343.0,203.0,221.0,319.0,False,MEDIUM,10.0,True,Mercedes,0 days 01:33:56.241000,2019-09-01 14:13:56.455,1,2.0,False,,False,True,17.6,56.5,968.2,False,29.4,66,3.8
0 days 01:37:31.134000,HAM,44,0 days 00:01:47.776000,33.0,2.0,,,0 days 00:00:31.535000,0 days 00:00:46.899000,0 days 00:00:29.342000,0 days 01:36:15.075000,0 days 01:37:01.974000,0 days 01:37:31.316000,310.0,204.0,222.0,310.0,False,MEDIUM,11.0,True,Mercedes,0 days 01:35:43.358000,2019-09-01 14:15:43.572,1,2.0,False,,False,True,17.5,57.0,968.3,False,28.5,5,2.5
0 days 01:39:18.579000,HAM,44,0 days 00:01:47.445000,34.0,2.0,,,0 days 00:00:31.324000,0 days 00:00:46.768000,0 days 00:00:29.353000,0 days 01:38:02.640000,0 days 01:38:49.408000,0 days 01:39:18.761000,303.0,203.0,221.0,309.0,False,MEDIUM,12.0,True,Mercedes,0 days 01:37:31.134000,2019-09-01 14:17:31.348,1,2.0,False,,False,True,17.6,57.1,968.2,False,28.2,293,2.4
0 days 01:41:05.490000,HAM,44,0 days 00:01:46.911000,35.0,2.0,,,0 days 00:00:31.303000,0 days 00:00:46.494000,0 days 00:00:29.114000,0 days 01:39:50.064000,0 days 01:40:36.558000,0 days 01:41:05.672000,313.0,201.0,222.0,310.0,False,MEDIUM,13.0,True,Mercedes,0 days 01:39:18.579000,2019-09-01 14:19:18.793,1,2.0,False,,False,True,17.8,56.0,968.2,False,28.8,339,2.1
0 days 01:42:52.529000,HAM,44,0 days 00:01:47.039000,36.0,2.0,,,0 days 00:00:31.228000,0 days 00:00:46.602000,0 days 00:00:29.209000,0 days 01:41:36.900000,0 days 01:42:23.502000,0 days 01:42:52.711000,310.0,201.0,221.0,311.0,False,MEDIUM,14.0,True,Mercedes,0 days 01:41:05.490000,2019-09-01 14:21:05.704,1,2.0,False,,False,True,17.6,56.0,968.3,False,27.8,3,2.7
0 days 01:44:39.352000,HAM,44,0 days 00:01:46.823000,37.0,2.0,,,0 days 00:00:31.251000,0 days 00:00:46.417000,0 days 00:00:29.155000,0 days 01:43:23.962000,0 days 01:44:10.379000,0 days 01:44:39.534000,312.0,201.0,222.0,310.0,False,MEDIUM,15.0,True,Mercedes,0 days 01:42:52.529000,2019-09-01 14:22:52.743,1,2.0,False,,False,True,17.5,54.5,968.3,False,28.0,308,2.6
0 days 01:46:26.821000,HAM,44,0 days 00:01:47.469000,38.0,2.0,,,0 days 00:00:31.215000,0 days 00:00:46.780000,0 days 00:00:29.474000,0 days 01:45:10.749000,0 days 01:45:57.529000,0 days 01:46:27.003000,,183.0,221.0,,False,MEDIUM,16.0,True,Mercedes,0 days 01:44:39.352000,2019-09-01 14:24:39.566,1,2.0,False,,False,True,17.5,54.5,968.3,False,28.9,348,1.4
0 days 01:48:14.219000,HAM,44,0 days 00:01:47.398000,39.0,2.0,,,0 days 00:00:31.248000,0 days 00:00:46.902000,0 days 00:00:29.248000,0 days 01:46:58.251000,0 days 01:47:45.153000,0 days 01:48:14.401000,311.0,201.0,222.0,309.0,False,MEDIUM,17.0,True,Mercedes,0 days 01:46:26.821000,2019-09-01 14:26:27.035,1,2.0,False,,False,True,17.6,54.4,968.3,False,29.5,350,1.2
0 days 01:50:01.611000,HAM,44,0 days 00:01:47.392000,40.0,2.0,,,0 days 00:00:31.304000,0 days 00:00:46.914000,0 days 00:00:29.174000,0 days 01:48:45.705000,0 days 01:49:32.619000,0 days 01:50:01.793000,,201.0,223.0,311.0,False,MEDIUM,18.0,True,Mercedes,0 days 01:48:14.219000,2019-09-01 14:28:14.433,1,2.0,False,,False,True,17.8,53.5,968.3,False,29.5,12,2.4
0 days 01:51:49.157000,HAM,44,0 days 00:01:47.546000,41.0,2.0,,,0 days 00:00:31.181000,0 days 00:00:47.126000,0 days 00:00:29.239000,0 days 01:50:32.974000,0 days 01:51:20.100000,0 days 01:51:49.339000,313.0,198.0,223.0,,False,MEDIUM,19.0,True,Mercedes,0 days 01:50:01.611000,2019-09-01 14:30:01.825,1,2.0,False,,False,True,17.9,52.0,968.3,False,28.8,356,2.5
0 days 01:53:37.288000,HAM,44,0 days 00:01:48.131000,42.0,2.0,,,0 days 00:00:31.198000,0 days 00:00:47.689000,0 days 00:00:29.244000,0 days 01:52:20.537000,0 days 01:53:08.226000,0 days 01:53:37.470000,318.0,194.0,222.0,312.0,False,MEDIUM,20.0,True,Mercedes,0 days 01:51:49.157000,2019-09-01 14:31:49.371,1,2.0,False,,False,True,17.6,53.0,968.3,False,28.8,352,2.5
0 days 01:55:24.982000,HAM,44,0 days 00:01:47.694000,43.0,2.0,,,0 days 00:00:31.308000,0 days 00:00:47.190000,0 days 00:00:29.196000,0 days 01:54:08.778000,0 days 01:54:55.968000,0 days 01:55:25.164000,313.0,200.0,222.0,,False,MEDIUM,21.0,True,Mercedes,0 days 01:53:37.288000,2019-09-01 14:33:37.502,1,2.0,False,,False,True,17.6,52.9,968.3,False,28.8,127,2.6
0 days 01:57:13.449000,HAM,44,0 days 00:01:48.467000,44.0,2.0,,,0 days 00:00:31.206000,0 days 00:00:47.891000,0 days 00:00:29.370000,0 days 01:55:56.370000,0 days 01:56:44.261000,0 days 01:57:13.631000,319.0,198.0,205.0,313.0,False,MEDIUM,22.0,True,Mercedes,0 days 01:55:24.982000,2019-09-01 14:35:25.196,12,2.0,False,,False,True,17.6,53.4,968.3,False,28.8,34,0.7
0 days 00:35:46.973000,VET,5,0 days 00:02:20.088000,1.0,1.0,,,,0 days 00:01:03.451000,0 days 00:00:42.476000,,0 days 00:35:04.854000,0 days 00:35:47.156000,325.0,155.0,138.0,308.0,False,SOFT,4.0,False,Ferrari,0 days 00:33:26.693000,2019-09-01 13:13:26.907,124,3.0,False,,False,False,16.9,59.2,968.2,False,27.0,26,2.4
0 days 00:38:45.308000,VET,5,,2.0,1.0,,,0 days 00:01:02.568000,0 days 00:01:13.733000,0 days 00:00:42.114000,0 days 00:36:49.644000,0 days 00:38:03.480000,0 days 00:38:45.758000,233.0,158.0,144.0,114.0,False,SOFT,5.0,False,Ferrari,0 days 00:35:46.973000,2019-09-01 13:15:47.187,4,2.0,False,,False,False,17.2,58.0,968.2,False,27.7,353,2.1
0 days 00:41:46.698000,VET,5,,3.0,1.0,,,0 days 00:00:55.999000,0 days 00:01:12.537000,0 days 00:00:52.876000,0 days 00:39:41.468000,0 days 00:40:54.053000,0 days 00:41:47.171000,259.0,95.0,143.0,132.0,False,SOFT,6.0,False,Ferrari,0 days 00:38:45.308000,2019-09-01 13:18:45.522,4,2.0,False,,False,False,17.3,56.1,968.1,False,29.2,34,2.9
0 days 00:44:40.082000,VET,5,,4.0,1.0,,,0 days 00:00:44.346000,0 days 00:01:14.719000,0 days 00:00:54.345000,0 days 00:42:31.243000,0 days 00:43:45.952000,0 days 00:44:40.871000,247.0,119.0,222.0,182.0,False,SOFT,7.0,False,Ferrari,0 days 00:41:46.698000,2019-09-01 13:21:46.912,41,2.0,False,,False,False,17.5,55.2,968.2,False,28.5,4,1.9
0 days 00:46:30.580000,VET,5,0 days 00:01:50.498000,5.0,1.0,,,0 days 00:00:31.805000,0 days 00:00:49.219000,0 days 00:00:29.474000,0 days 00:45:12.070000,0 days 00:46:01.289000,0 days 00:46:30.763000,321.0,196.0,219.0,311.0,True,SOFT,8.0,False,Ferrari,0 days 00:44:40.082000,2019-09-01 13:24:40.296,1,2.0,False,,False,True,17.4,56.3,968.2,False,27.8,27,2.0
0 days 00:48:20.420000,VET,5,0 days 00:01:49.840000,6.0,1.0,,,0 days 00:00:31.421000,0 days 00:00:49.001000,0 days 00:00:29.418000,0 days 00:47:02.184000,0 days 00:47:51.185000,0 days 00:48:20.603000,313.0,196.0,219.0,310.0,True,SOFT,9.0,False,Ferrari,0 days 00:46:30.580000,2019-09-01 13:26:30.794,1,2.0,False,,False,True,17.4,56.8,968.2,False,27.3,333,1.6
0 days 00:50:09.879000,VET,5,0 days 00:01:49.459000,7.0,1.0,,,0 days 00:00:31.328000,0 days 00:00:48.762000,0 days 00:00:29.369000,0 days 00:48:51.931000,0 days 00:49:40.693000,0 days 00:50:10.062000,318.0,199.0,218.0,,True,SOFT,10.0,False,Ferrari,0 days 00:48:20.420000,2019-09-01 13:28:20.634,1,2.0,False,,False,True,17.6,56.9,968.3,False,27.3,319,0.8
0 days 00:51:59.848000,VET,5,0 days 00:01:49.969000,8.0,1.0,,,0 days 00:00:31.303000,0 days 00:00:48.971000,0 days 00:00:29.695000,0 days 00:50:41.365000,0 days 00:51:30.336000,0 days 00:52:00.031000,320.0,196.0,217.0,312.0,False,SOFT,11.0,False,Ferrari,0 days 00:50:09.879000,2019-09-01 13:30:10.093,1,2.0,False,,False,True,17.2,56.8,968.2,False,26.6,222,1.5
0 days 00:53:49.834000,VET,5,0 days 00:01:49.986000,9.0,1.0,,,0 days 00:00:31.398000,0 days 00:00:48.983000,0 days 00:00:29.605000,0 days 00:52:31.429000,0 days 00:53:20.412000,0 days 00:53:50.017000,319.0,196.0,218.0,311.0,False,SOFT,12.0,False,Ferrari,0 days 00:51:59.848000,2019-09-01 13:32:00.062,1,2.0,False,,False,True,17.4,57.5,968.2,False,26.6,1,2.9
0 days 00:55:39.653000,VET,5,0 days 00:01:49.819000,10.0,1.0,,,0 days 00:00:31.363000,0 days 00:00:48.934000,0 days 00:00:29.522000,0 days 00:54:21.380000,0 days 00:55:10.314000,0 days 00:55:39.836000,318.0,197.0,219.0,,False,SOFT,13.0,False,Ferrari,0 days 00:53:49.834000,2019-09-01 13:33:50.048,1,2.0,False,,False,True,17.3,57.7,968.3,False,26.8,273,0.9
0 days 00:57:29.255000,VET,5,0 days 00:01:49.602000,11.0,1.0,,,0 days 00:00:31.365000,0 days 00:00:48.813000,0 days 00:00:29.424000,0 days 00:56:11.201000,0 days 00:57:00.014000,0 days 00:57:29.438000,319.0,198.0,218.0,312.0,False,SOFT,14.0,False,Ferrari,0 days 00:55:39.653000,2019-09-01 13:35:39.867,1,2.0,False,,False,True,17.2,58.0,968.3,False,27.1,245,1.9
0 days 00:59:18.492000,VET,5,0 days 00:01:49.237000,12.0,1.0,,,0 days 00:00:31.302000,0 days 00:00:48.489000,0 days 00:00:29.446000,0 days 00:58:00.740000,0 days 00:58:49.229000,0 days 00:59:18.675000,318.0,196.0,218.0,311.0,True,SOFT,15.0,False,Ferrari,0 days 00:57:29.255000,2019-09-01 13:37:29.469,1,2.0,False,,False,True,17.2,57.9,968.2,False,26.8,222,1.1
0 days 01:01:07.741000,VET,5,0 days 00:01:49.249000,13.0,1.0,,,0 days 00:00:31.276000,0 days 00:00:48.654000,0 days 00:00:29.319000,0 days 00:59:49.951000,0 days 01:00:38.605000,0 days 01:01:07.924000,319.0,198.0,218.0,312.0,False,SOFT,16.0,False,Ferrari,0 days 00:59:18.492000,2019-09-01 13:39:18.706,1,2.0,False,,False,True,17.4,55.9,968.2,False,27.8,19,1.5
0 days 01:02:57.082000,VET,5,0 days 00:01:49.341000,14.0,1.0,,,0 days 00:00:31.332000,0 days 00:00:48.666000,0 days 00:00:29.343000,0 days 01:01:39.256000,0 days 01:02:27.922000,0 days 01:02:57.265000,,198.0,218.0,314.0,False,SOFT,17.0,False,Ferrari,0 days 01:01:07.741000,2019-09-01 13:41:07.955,1,2.0,False,,False,True,17.5,56.9,968.1,False,29.0,12,2.2
0 days 01:08:40.262000,VET,5,0 days 00:01:47.087000,17.0,2.0,,,0 days 00:00:30.503000,0 days 00:00:47.543000,0 days 00:00:29.041000,0 days 01:07:23.861000,0 days 01:08:11.404000,0 days 01:08:40.445000,341.0,203.0,221.0,316.0,True,MEDIUM,2.0,True,Ferrari,0 days 01:06:53.175000,2019-09-01 13:46:53.389,1,4.0,False,,False,True,17.8,55.2,968.3,False,29.6,349,0.7
0 days 01:10:28.427000,VET,5,0 days 00:01:48.165000,18.0,2.0,,,0 days 00:00:31.216000,0 days 00:00:47.701000,0 days 00:00:29.248000,0 days 01:09:11.661000,0 days 01:09:59.362000,0 days 01:10:28.610000,311.0,201.0,220.0,311.0,False,MEDIUM,3.0,True,Ferrari,0 days 01:08:40.262000,2019-09-01 13:48:40.476,1,4.0,False,,False,True,17.6,56.0,968.3,False,28.2,74,1.0
0 days 01:12:16.476000,VET,5,0 days 00:01:48.049000,19.0,2.0,,,0 days 00:00:31.134000,0 days 00:00:47.622000,0 days 00:00:29.293000,0 days 01:10:59.744000,0 days 01:11:47.366000,0 days 01:12:16.659000,314.0,202.0,220.0,,False,MEDIUM,4.0,True,Ferrari,0 days 01:10:28.427000,2019-09-01 13:50:28.641,1,4.0,False,,False,True,17.5,56.3,968.3,False,28.2,177,1.0
0 days 01:14:04.346000,VET,5,0 days 00:01:47.870000,20.0,2.0,,,0 days 00:00:31.146000,0 days 00:00:47.603000,0 days 00:00:29.121000,0 days 01:12:47.805000,0 days 01:13:35.408000,0 days 01:14:04.529000,318.0,203.0,220.0,312.0,False,MEDIUM,5.0,True,Ferrari,0 days 01:12:16.476000,2019-09-01 13:52:16.690,1,4.0,False,,False,True,17.8,56.1,968.3,False,28.3,20,1.0
0 days 01:15:51.932000,VET,5,0 days 00:01:47.586000,21.0,2.0,,,0 days 00:00:31.052000,0 days 00:00:47.490000,0 days 00:00:29.044000,0 days 01:14:35.581000,0 days 01:15:23.071000,0 days 01:15:52.115000,322.0,199.0,221.0,,False,MEDIUM,6.0,True,Ferrari,0 days 01:14:04.346000,2019-09-01 13:54:04.560,1,4.0,False,,False,True,17.8,55.4,968.2,False,28.3,18,2.0
0 days 01:17:39.761000,VET,5,0 days 00:01:47.829000,22.0,2.0,,,0 days 00:00:31.055000,0 days 00:00:47.680000,0 days 00:00:29.094000,0 days 01:16:23.170000,0 days 01:17:10.850000,0 days 01:17:39.944000,320.0,199.0,220.0,311.0,False,MEDIUM,7.0,True,Ferrari,0 days 01:15:51.932000,2019-09-01 13:55:52.146,1,3.0,False,,False,True,17.8,55.9,968.3,False,29.0,357,2.6
0 days 01:19:27.717000,VET,5,0 days 00:01:47.956000,23.0,2.0,,,0 days 00:00:31.005000,0 days 00:00:47.833000,0 days 00:00:29.118000,0 days 01:18:10.949000,0 days 01:18:58.782000,0 days 01:19:27.900000,321.0,196.0,220.0,312.0,False,MEDIUM,8.0,True,Ferrari,0 days 01:17:39.761000,2019-09-01 13:57:39.975,1,1.0,False,,False,True,17.9,55.6,968.3,False,29.8,347,2.5
0 days 01:21:15.955000,VET,5,0 days 00:01:48.238000,24.0,2.0,,,0 days 00:00:31.250000,0 days 00:00:47.745000,0 days 00:00:29.243000,0 days 01:19:59.150000,0 days 01:20:46.895000,0 days 01:21:16.138000,318.0,198.0,220.0,310.0,False,MEDIUM,9.0,True,Ferrari,0 days 01:19:27.717000,2019-09-01 13:59:27.931,1,1.0,False,,False,True,18.0,54.6,968.3,False,29.9,22,0.9
0 days 01:23:04.304000,VET,5,0 days 00:01:48.349000,25.0,2.0,,,0 days 00:00:31.203000,0 days 00:00:47.923000,0 days 00:00:29.223000,0 days 01:21:47.341000,0 days 01:22:35.264000,0 days 01:23:04.487000,317.0,200.0,220.0,312.0,False,MEDIUM,10.0,True,Ferrari,0 days 01:21:15.955000,2019-09-01 14:01:16.169,1,1.0,False,,False,True,17.9,55.2,968.1,False,30.4,85,2.9
0 days 01:24:52.995000,VET,5,0 days 00:01:48.691000,26.0,2.0,,,0 days 00:00:31.116000,0 days 00:00:48.129000,0 days 00:00:29.446000,0 days 01:23:35.603000,0 days 01:24:23.732000,0 days 01:24:53.178000,,201.0,195.0,,False,MEDIUM,11.0,True,Ferrari,0 days 01:23:04.304000,2019-09-01 14:03:04.518,1,1.0,False,,False,True,18.2,56.3,968.3,False,30.4,346,1.5
0 days 01:26:42.804000,VET,5,0 days 00:01:49.809000,27.0,2.0,,,0 days 00:00:32.095000,0 days 00:00:48.699000,0 days 00:00:29.015000,0 days 01:25:25.273000,0 days 01:26:13.972000,0 days 01:26:42.987000,291.0,201.0,221.0,314.0,False,MEDIUM,12.0,True,Ferrari,0 days 01:24:52.995000,2019-09-01 14:04:53.209,1,2.0,False,,False,True,17.8,55.6,968.3,False,28.9,8,2.8
0 days 01:28:30.726000,VET,5,0 days 00:01:47.922000,28.0,2.0,,,0 days 00:00:30.877000,0 days 00:00:48.007000,0 days 00:00:29.038000,0 days 01:27:13.864000,0 days 01:28:01.871000,0 days 01:28:30.909000,324.0,200.0,221.0,316.0,False,MEDIUM,13.0,True,Ferrari,0 days 01:26:42.804000,2019-09-01 14:06:43.018,1,2.0,False,,False,True,17.5,56.8,968.2,False,28.5,4,3.3
0 days 01:30:18.987000,VET,5,0 days 00:01:48.261000,29.0,2.0,,,0 days 00:00:30.974000,0 days 00:00:48.037000,0 days 00:00:29.250000,0 days 01:29:01.883000,0 days 01:29:49.920000,0 days 01:30:19.170000,,199.0,221.0,315.0,False,MEDIUM,14.0,True,Ferrari,0 days 01:28:30.726000,2019-09-01 14:08:30.940,1,2.0,False,,False,True,17.4,57.5,968.3,False,28.3,0,2.6
0 days 01:32:07.054000,VET,5,0 days 00:01:48.067000,30.0,2.0,,,0 days 00:00:30.965000,0 days 00:00:47.914000,0 days 00:00:29.188000,0 days 01:30:50.135000,0 days 01:31:38.049000,0 days 01:32:07.237000,322.0,196.0,221.0,313.0,False,MEDIUM,15.0,True,Ferrari,0 days 01:30:18.987000,2019-09-01 14:10:19.201,1,2.0,False,,False,True,17.4,57.2,968.3,False,28.4,329,2.5
0 days 01:33:55.986000,VET,5,0 days 00:01:48.932000,31.0,2.0,,,0 days 00:00:31.032000,0 days 00:00:48.347000,0 days 00:00:29.553000,0 days 01:32:38.269000,0 days 01:33:26.616000,0 days 01:33:56.169000,,193.0,223.0,314.0,False,MEDIUM,16.0,True,Ferrari,0 days 01:32:07.054000,2019-09-01 14:12:07.268,1,2.0,False,,False,True,17.6,56.5,968.3,False,28.9,310,2.7
0 days 01:35:45.817000,VET,5,0 days 00:01:49.831000,32.0,2.0,,,0 days 00:00:31.097000,0 days 00:00:49.557000,0 days 00:00:29.177000,0 days 01:34:27.266000,0 days 01:35:16.823000,0 days 01:35:46,325.0,196.0,221.0,,False,MEDIUM,17.0,True,Ferrari,0 days 01:33:55.986000,2019-09-01 14:13:56.200,1,3.0,False,,False,True,17.6,56.5,968.2,False,29.4,66,3.8
0 days 01:41:29.601000,VET,5,0 days 00:01:47.890000,35.0,3.0,,,0 days 00:00:30.716000,0 days 00:00:48.184000,0 days 00:00:28.990000,0 days 01:40:12.610000,0 days 01:41:00.794000,0 days 01:41:29.784000,320.0,202.0,223.0,314.0,False,SOFT,6.0,False,Ferrari,0 days 01:39:41.711000,2019-09-01 14:19:41.925,1,4.0,False,,False,True,17.7,55.9,968.2,False,28.8,3,1.9
0 days 01:43:16.010000,VET,5,0 days 00:01:46.409000,36.0,3.0,,,0 days 00:00:30.696000,0 days 00:00:46.883000,0 days 00:00:28.830000,0 days 01:42:00.480000,0 days 01:42:47.363000,0 days 01:43:16.193000,,204.0,225.0,315.0,True,SOFT,7.0,False,Ferrari,0 days 01:41:29.601000,2019-09-01 14:21:29.815,1,4.0,False,,False,True,17.6,56.0,968.3,False,27.8,3,2.7
0 days 01:45:02.740000,VET,5,0 days 00:01:46.730000,37.0,3.0,,,0 days 00:00:30.440000,0 days 00:00:47.445000,0 days 00:00:28.845000,0 days 01:43:46.633000,0 days 01:44:34.078000,0 days 01:45:02.923000,332.0,204.0,223.0,319.0,False,SOFT,8.0,False,Ferrari,0 days 01:43:16.010000,2019-09-01 14:23:16.224,1,4.0,False,,False,True,17.5,54.5,968.3,False,28.0,308,2.6
0 days 01:46:49.310000,VET,5,0 days 00:01:46.570000,38.0,3.0,,,0 days 00:00:30.789000,0 days 00:00:46.791000,0 days 00:00:28.990000,0 days 01:45:33.712000,0 days 01:46:20.503000,0 days 01:46:49.493000,318.0,203.0,223.0,313.0,False,SOFT,9.0,False,Ferrari,0 days 01:45:02.740000,2019-09-01 14:25:02.954,1,4.0,False,,False,True,17.5,54.5,968.3,False,28.9,348,1.4
0 days 01:48:36.077000,VET,5,0 days 00:01:46.767000,39.0,3.0,,,0 days 00:00:30.897000,0 days 00:00:46.894000,0 days 00:00:28.976000,0 days 01:47:20.390000,0 days 01:48:07.284000,0 days 01:48:36.260000,320.0,200.0,222.0,311.0,False,SOFT,10.0,False,Ferrari,0 days 01:46:49.310000,2019-09-01 14:26:49.524,1,4.0,False,,False,True,17.8,53.8,968.3,False,29.6,4,2.2
0 days 01:50:23.539000,VET,5,0 days 00:01:47.462000,40.0,3.0,,,0 days 00:00:30.855000,0 days 00:00:47.361000,0 days 00:00:29.246000,0 days 01:49:07.115000,0 days 01:49:54.476000,0 days 01:50:23.722000,322.0,201.0,223.0,314.0,False,SOFT,11.0,False,Ferrari,0 days 01:48:36.077000,2019-09-01 14:28:36.291,1,4.0,False,,False,True,17.9,53.0,968.3,False,28.9,2,1.9
0 days 01:52:10.609000,VET,5,0 days 00:01:47.070000,41.0,3.0,,,0 days 00:00:31.054000,0 days 00:00:46.915000,0 days 00:00:29.101000,0 days 01:50:54.776000,0 days 01:51:41.691000,0 days 01:52:10.792000,320.0,204.0,221.0,312.0,False,SOFT,12.0,False,Ferrari,0 days 01:50:23.539000,2019-09-01 14:30:23.753,1,4.0,False,,False,True,17.9,52.0,968.3,False,28.8,356,2.5
0 days 01:53:57.394000,VET,5,0 days 00:01:46.785000,42.0,3.0,,,0 days 00:00:30.998000,0 days 00:00:46.774000,0 days 00:00:29.013000,0 days 01:52:41.790000,0 days 01:53:28.564000,0 days 01:53:57.577000,321.0,202.0,223.0,311.0,False,SOFT,13.0,False,Ferrari,0 days 01:52:10.609000,2019-09-01 14:32:10.823,1,4.0,False,,False,True,17.6,53.0,968.3,False,28.8,352,2.5
0 days 01:55:46.402000,VET,5,0 days 00:01:49.008000,43.0,3.0,,,0 days 00:00:31.097000,0 days 00:00:47.318000,0 days 00:00:30.593000,0 days 01:54:28.674000,0 days 01:55:15.992000,0 days 01:55:46.585000,320.0,195.0,228.0,,False,SOFT,14.0,False,Ferrari,0 days 01:53:57.394000,2019-09-01 14:33:57.608,1,4.0,False,,False,True,17.6,52.9,968.3,False,28.8,127,2.6
0 days 01:57:38.889000,VET,5,0 days 00:01:52.487000,44.0,3.0,,,0 days 00:00:30.906000,0 days 00:00:49.678000,0 days 00:00:31.903000,0 days 01:56:17.491000,0 days 01:57:07.169000,0 days 01:57:39.072000,324.0,191.0,171.0,313.0,False,SOFT,15.0,False,Ferrari,0 days 01:55:46.402000,2019-09-01 14:35:46.616,12,4.0,False,,False,True,17.8,53.4,968.3,False,28.4,189,1.4
0 days 00:36:07.889000,RUS,63,0 days 00:02:41.046000,1.0,1.0,,,,0 days 00:01:19.949000,0 days 00:00:41.152000,,0 days 00:35:26.915000,0 days 00:36:08.121000,326.0,174.0,196.0,271.0,False,MEDIUM,1.0,True,Williams,0 days 00:33:26.693000,2019-09-01 13:13:26.907,124,16.0,False,,False,False,16.9,59.2,968.2,False,27.0,26,2.4
0 days 00:39:07.644000,RUS,63,,2.0,1.0,,,0 days 00:01:01.904000,0 days 00:01:12.838000,0 days 00:00:45.051000,0 days 00:37:10.225000,0 days 00:38:22.771000,0 days 00:39:08.060000,208.0,136.0,199.0,123.0,False,MEDIUM,2.0,True,Williams,0 days 00:36:07.889000,2019-09-01 13:16:08.103,4,15.0,False,,False,False,17.2,58.0,968.2,False,27.7,353,2.1
0 days 00:42:05.016000,RUS,63,,3.0,1.0,,,0 days 00:00:53.958000,0 days 00:01:08.139000,0 days 00:00:55.260000,0 days 00:40:01.795000,0 days 00:41:09.964000,0 days 00:42:05.501000,263.0,148.0,200.0,154.0,False,MEDIUM,3.0,True,Williams,0 days 00:39:07.644000,2019-09-01 13:19:07.858,4,15.0,False,,False,False,17.3,56.1,968.1,False,29.2,34,2.9
0 days 00:44:46.705000,RUS,63,,4.0,1.0,,,0 days 00:00:45.503000,0 days 00:01:09.112000,0 days 00:00:47.153000,0 days 00:42:50.718000,0 days 00:43:59.804000,0 days 00:44:50.139000,289.0,176.0,217.0,267.0,False,MEDIUM,4.0,True,Williams,0 days 00:42:05.016000,2019-09-01 13:22:05.230,41,15.0,False,,False,False,17.5,55.2,968.2,False,28.5,4,1.9
0 days 00:46:41.397000,RUS,63,0 days 00:01:54.692000,5.0,1.0,,,0 days 00:00:32.209000,0 days 00:00:52.112000,0 days 00:00:30.371000,0 days 00:45:19.092000,0 days 00:46:11.204000,0 days 00:46:41.575000,317.0,189.0,216.0,301.0,True,MEDIUM,5.0,True,Williams,0 days 00:44:46.705000,2019-09-01 13:24:46.919,1,15.0,False,,False,True,17.4,56.3,968.2,False,27.8,27,2.0
0 days 00:48:35.476000,RUS,63,0 days 00:01:54.079000,6.0,1.0,,,,,0 days 00:00:30.211000,,,0 days 00:48:35.871000,,192.0,214.0,304.0,True,MEDIUM,6.0,True,Williams,0 days 00:46:41.397000,2019-09-01 13:26:41.611,1,16.0,False,,False,False,17.4,56.8,968.2,False,27.3,333,1.6
0 days 00:50:30.338000,RUS,63,0 days 00:01:54.862000,7.0,1.0,,,0 days 00:00:32.334000,0 days 00:00:52.155000,0 days 00:00:30.373000,0 days 00:49:07.988000,0 days 00:50:00.143000,0 days 00:50:30.516000,305.0,192.0,216.0,302.0,False,MEDIUM,7.0,True,Williams,0 days 00:48:35.476000,2019-09-01 13:28:35.690,1,17.0,False,,False,True,17.5,55.5,968.2,False,27.1,284,1.5
0 days 00:52:23.148000,RUS,63,0 days 00:01:52.810000,8.0,1.0,,,0 days 00:00:32.090000,0 days 00:00:50.373000,0 days 00:00:30.347000,0 days 00:51:02.606000,0 days 00:51:52.979000,0 days 00:52:23.326000,306.0,191.0,215.0,303.0,True,MEDIUM,8.0,True,Williams,0 days 00:50:30.338000,2019-09-01 13:30:30.552,1,17.0,False,,False,True,17.3,58.1,968.2,False,26.6,347,2.3
0 days 00:54:15.381000,RUS,63,0 days 00:01:52.233000,9.0,1.0,,,0 days 00:00:32.134000,0 days 00:00:49.872000,0 days 00:00:30.227000,0 days 00:52:55.460000,0 days 00:53:45.332000,0 days 00:54:15.559000,307.0,192.0,214.0,302.0,True,MEDIUM,9.0,True,Williams,0 days 00:52:23.148000,2019-09-01 13:32:23.362,1,17.0,False,,False,True,17.4,57.5,968.2,False,26.6,1,2.9
0 days 00:56:07.791000,RUS,63,0 days 00:01:52.410000,10.0,1.0,,,0 days 00:00:32.266000,0 days 00:00:49.799000,0 days 00:00:30.345000,0 days 00:54:47.825000,0 days 00:55:37.624000,0 days 00:56:07.969000,304.0,191.0,214.0,301.0,False,MEDIUM,10.0,True,Williams,0 days 00:54:15.381000,2019-09-01 13:34:15.595,1,17.0,False,,False,True,17.3,57.7,968.3,False,26.8,273,0.9
0 days 00:57:59.837000,RUS,63,0 days 00:01:52.046000,11.0,1.0,,,0 days 00:00:32.112000,0 days 00:00:49.559000,0 days 00:00:30.375000,0 days 00:56:40.081000,0 days 00:57:29.640000,0 days 00:58:00.015000,,193.0,216.0,302.0,True,MEDIUM,11.0,True,Williams,0 days 00:56:07.791000,2019-09-01 13:36:08.005,1,17.0,False,,False,True,17.2,58.0,968.3,False,27.1,245,1.9
0 days 00:59:52.031000,RUS,63,0 days 00:01:52.194000,12.0,1.0,,,0 days 00:00:32.227000,0 days 00:00:49.641000,0 days 00:00:30.326000,0 days 00:58:32.242000,0 days 00:59:21.883000,0 days 00:59:52.209000,301.0,194.0,216.0,303.0,False,MEDIUM,12.0,True,Williams,0 days 00:57:59.837000,2019-09-01 13:38:00.051,1,16.0,False,,False,True,17.3,58.4,968.2,False,27.1,16,1.6
0 days 01:01:44.014000,RUS,63,0 days 00:01:51.983000,13.0,1.0,,,0 days 00:00:32.203000,0 days 00:00:49.569000,0 days 00:00:30.211000,0 days 01:00:24.412000,0 days 01:01:13.981000,0 days 01:01:44.192000,306.0,195.0,214.0,302.0,True,MEDIUM,13.0,True,Williams,0 days 00:59:52.031000,2019-09-01 13:39:52.245,1,16.0,False,,False,True,17.2,56.9,968.3,False,28.4,2,2.8
0 days 01:03:36.216000,RUS,63,0 days 00:01:52.202000,14.0,1.0,,,0 days 00:00:32.290000,0 days 00:00:49.670000,0 days 00:00:30.242000,0 days 01:02:16.482000,0 days 01:03:06.152000,0 days 01:03:36.394000,303.0,195.0,215.0,303.0,False,MEDIUM,14.0,True,Williams,0 days 01:01:44.014000,2019-09-01 13:41:44.228,1,15.0,False,,False,True,17.5,56.8,968.3,False,29.2,203,2.1
0 days 01:05:28.756000,RUS,63,0 days 00:01:52.540000,15.0,1.0,,,0 days 00:00:32.212000,0 days 00:00:49.663000,0 days 00:00:30.665000,0 days 01:04:08.606000,0 days 01:04:58.269000,0 days 01:05:28.934000,304.0,192.0,217.0,302.0,False,MEDIUM,15.0,True,Williams,0 days 01:03:36.216000,2019-09-01 13:43:36.430,1,15.0,False,,False,True,17.7,54.5,968.2,False,29.6,183,1.4
0 days 01:07:21.129000,RUS,63,0 days 00:01:52.373000,16.0,1.0,,,0 days 00:00:31.743000,0 days 00:00:50.426000,0 days 00:00:30.204000,0 days 01:06:00.677000,0 days 01:06:51.103000,0 days 01:07:21.307000,330.0,194.0,216.0,306.0,False,MEDIUM,16.0,True,Williams,0 days 01:05:28.756000,2019-09-01 13:45:28.970,1,15.0,False,,False,True,17.8,54.7,968.3,False,29.8,267,2.5
0 days 01:09:15.405000,RUS,63,0 days 00:01:54.276000,17.0,1.0,,,0 days 00:00:32.057000,0 days 00:00:51.972000,0 days 00:00:30.247000,0 days 01:07:53.364000,0 days 01:08:45.336000,0 days 01:09:15.583000,325.0,192.0,215.0,303.0,False,MEDIUM,17.0,True,Williams,0 days 01:07:21.129000,2019-09-01 13:47:21.343,1,17.0,False,,False,True,17.8,55.2,968.3,False,29.6,349,0.7
0 days 01:11:08.627000,RUS,63,0 days 00:01:53.222000,18.0,1.0,,,0 days 00:00:32.166000,0 days 00:00:50.574000,0 days 00:00:30.482000,0 days 01:09:47.749000,0 days 01:10:38.323000,0 days 01:11:08.805000,308.0,180.0,216.0,305.0,False,MEDIUM,18.0,True,Williams,0 days 01:09:15.405000,2019-09-01 13:49:15.619,1,17.0,False,,False,True,17.6,56.0,968.3,False,28.2,74,1.0
0 days 01:13:01.716000,RUS,63,0 days 00:01:53.089000,19.0,1.0,,,0 days 00:00:32.136000,0 days 00:00:50.647000,0 days 00:00:30.306000,0 days 01:11:40.941000,0 days 01:12:31.588000,0 days 01:13:01.894000,303.0,188.0,217.0,302.0,False,MEDIUM,19.0,True,Williams,0 days 01:11:08.627000,2019-09-01 13:51:08.841,1,17.0,False,,False,True,17.6,56.6,968.3,False,28.3,74,0.9
0 days 01:14:54.384000,RUS,63,0 days 00:01:52.668000,20.0,1.0,,,0 days 00:00:32.251000,0 days 00:00:50.180000,0 days 00:00:30.237000,0 days 01:13:34.145000,0 days 01:14:24.325000,0 days 01:14:54.562000,306.0,191.0,218.0,304.0,False,MEDIUM,20.0,True,Williams,0 days 01:13:01.716000,2019-09-01 13:53:01.930,1,17.0,False,,False,True,17.9,55.3,968.3,False,28.3,5,2.2
0 days 01:16:46.545000,RUS,63,0 days 00:01:52.161000,21.0,1.0,,,0 days 00:00:32.115000,0 days 00:00:49.764000,0 days 00:00:30.282000,0 days 01:15:26.677000,0 days 01:16:16.441000,0 days 01:16:46.723000,304.0,193.0,214.0,305.0,False,MEDIUM,21.0,True,Williams,0 days 01:14:54.384000,2019-09-01 13:54:54.598,1,17.0,False,,False,True,17.7,55.7,968.3,False,28.8,1,2.1
0 days 01:18:38.909000,RUS,63,0 days 00:01:52.364000,22.0,1.0,,,0 days 00:00:32.270000,0 days 00:00:49.807000,0 days 00:00:30.287000,0 days 01:17:18.993000,0 days 01:18:08.800000,0 days 01:18:39.087000,302.0,191.0,215.0,302.0,False,MEDIUM,22.0,True,Williams,0 days 01:16:46.545000,2019-09-01 13:56:46.759,1,17.0,False,,False,True,17.9,55.0,968.2,False,29.3,33,1.7
0 days 01:20:31.408000,RUS,63,0 days 00:01:52.499000,23.0,1.0,,,0 days 00:00:32.396000,0 days 00:00:49.875000,0 days 00:00:30.228000,0 days 01:19:11.483000,0 days 01:20:01.358000,0 days 01:20:31.586000,,190.0,217.0,,False,MEDIUM,23.0,True,Williams,0 days 01:18:38.909000,2019-09-01 13:58:39.123,1,17.0,False,,False,True,18.0,54.6,968.3,False,29.9,22,0.9
0 days 01:22:23.587000,RUS,63,0 days 00:01:52.179000,24.0,1.0,,,0 days 00:00:32.126000,0 days 00:00:49.853000,0 days 00:00:30.200000,0 days 01:21:03.712000,0 days 01:21:53.565000,0 days 01:22:23.765000,,194.0,216.0,303.0,False,MEDIUM,24.0,True,Williams,0 days 01:20:31.408000,2019-09-01 14:00:31.622,1,17.0,False,,False,True,17.9,55.2,968.1,False,30.4,85,2.9
0 days 01:24:15.845000,RUS,63,0 days 00:01:52.258000,25.0,1.0,,,0 days 00:00:32.188000,0 days 00:00:49.948000,0 days 00:00:30.122000,0 days 01:22:55.953000,0 days 01:23:45.901000,0 days 01:24:16.023000,303.0,191.0,219.0,305.0,False,MEDIUM,25.0,True,Williams,0 days 01:22:23.587000,2019-09-01 14:02:23.801,1,17.0,False,,False,True,18.0,55.5,968.2,False,30.7,234,1.7
0 days 01:26:08.194000,RUS,63,0 days 00:01:52.349000,26.0,1.0,,,0 days 00:00:32.184000,0 days 00:00:49.918000,0 days 00:00:30.247000,0 days 01:24:48.207000,0 days 01:25:38.125000,0 days 01:26:08.372000,311.0,191.0,219.0,,False,MEDIUM,26.0,True,Williams,0 days 01:24:15.845000,2019-09-01 14:04:16.059,1,16.0,False,,False,True,18.2,55.2,968.3,False,29.7,347,2.5
0 days 01:28:00.890000,RUS,63,0 days 00:01:52.696000,27.0,1.0,,,0 days 00:00:32.111000,0 days 00:00:50.257000,0 days 00:00:30.328000,0 days 01:26:40.483000,0 days 01:27:30.740000,0 days 01:28:01.068000,299.0,189.0,216.0,,False,MEDIUM,27.0,True,Williams,0 days 01:26:08.194000,2019-09-01 14:06:08.408,1,16.0,False,,False,True,17.7,56.1,968.2,False,28.8,350,2.5
0 days 01:29:53.875000,RUS,63,0 days 00:01:52.985000,28.0,1.0,,,0 days 00:00:32.378000,0 days 00:00:50.221000,0 days 00:00:30.386000,0 days 01:28:33.446000,0 days 01:29:23.667000,0 days 01:29:54.053000,,190.0,216.0,303.0,False,MEDIUM,28.0,True,Williams,0 days 01:28:00.890000,2019-09-01 14:08:01.104,1,16.0,False,,False,True,17.4,57.3,968.2,False,28.3,359,2.0
0 days 01:31:47.208000,RUS,63,0 days 00:01:53.333000,29.0,1.0,,,0 days 00:00:32.507000,0 days 00:00:50.474000,0 days 00:00:30.352000,0 days 01:30:26.560000,0 days 01:31:17.034000,0 days 01:31:47.386000,318.0,189.0,217.0,293.0,False,MEDIUM,29.0,True,Williams,0 days 01:29:53.875000,2019-09-01 14:09:54.089,1,17.0,False,,False,True,17.4,57.2,968.3,False,28.4,329,2.5
0 days 01:37:37.803000,RUS,63,0 days 00:01:49.307000,32.0,2.0,,,0 days 00:00:31.583000,0 days 00:00:47.862000,0 days 00:00:29.862000,0 days 01:36:20.257000,0 days 01:37:08.119000,0 days 01:37:37.981000,306.0,202.0,221.0,307.0,True,SOFT,2.0,True,Williams,0 days 01:35:48.496000,2019-09-01 14:15:48.710,1,16.0,False,,False,True,17.5,57.0,968.3,False,28.5,5,2.5
0 days 01:39:26.806000,RUS,63,0 days 00:01:49.003000,33.0,2.0,,,0 days 00:00:31.644000,0 days 00:00:47.627000,0 days 00:00:29.732000,0 days 01:38:09.625000,0 days 01:38:57.252000,0 days 01:39:26.984000,301.0,201.0,220.0,,True,SOFT,3.0,True,Williams,0 days 01:37:37.803000,2019-09-01 14:17:38.017,1,16.0,False,,False,True,17.6,57.1,968.2,False,28.2,293,2.4
0 days 01:41:15.666000,RUS,63,0 days 00:01:48.860000,34.0,2.0,,,0 days 00:00:31.725000,0 days 00:00:47.404000,0 days 00:00:29.731000,0 days 01:39:58.709000,0 days 01:40:46.113000,0 days 01:41:15.844000,303.0,201.0,219.0,304.0,True,SOFT,4.0,True,Williams,0 days 01:39:26.806000,2019-09-01 14:19:27.020,1,16.0,False,,False,True,17.8,56.0,968.2,False,28.8,339,2.1
0 days 01:43:04.639000,RUS,63,0 days 00:01:48.973000,35.0,2.0,,,0 days 00:00:31.764000,0 days 00:00:47.517000,0 days 00:00:29.692000,0 days 01:41:47.608000,0 days 01:42:35.125000,0 days 01:43:04.817000,,201.0,221.0,,False,SOFT,5.0,True,Williams,0 days 01:41:15.666000,2019-09-01 14:21:15.880,1,16.0,False,,False,True,17.6,56.0,968.3,False,27.8,3,2.7
0 days 01:44:53.692000,RUS,63,0 days 00:01:49.053000,36.0,2.0,,,0 days 00:00:31.844000,0 days 00:00:47.403000,0 days 00:00:29.806000,0 days 01:43:36.661000,0 days 01:44:24.064000,0 days 01:44:53.870000,302.0,201.0,220.0,302.0,False,SOFT,6.0,True,Williams,0 days 01:43:04.639000,2019-09-01 14:23:04.853,1,16.0,False,,False,True,17.5,54.5,968.3,False,28.0,308,2.6
0 days 01:46:43.022000,RUS,63,0 days 00:01:49.330000,37.0,2.0,,,0 days 00:00:31.852000,0 days 00:00:47.613000,0 days 00:00:29.865000,0 days 01:45:25.722000,0 days 01:46:13.335000,0 days 01:46:43.200000,301.0,199.0,221.0,,False,SOFT,7.0,True,Williams,0 days 01:44:53.692000,2019-09-01 14:24:53.906,1,16.0,False,,False,True,17.5,54.5,968.3,False,28.9,348,1.4
0 days 01:48:32.698000,RUS,63,0 days 00:01:49.676000,38.0,2.0,,,0 days 00:00:31.940000,0 days 00:00:47.736000,0 days 00:00:30,0 days 01:47:15.140000,0 days 01:48:02.876000,0 days 01:48:32.876000,298.0,199.0,218.0,,False,SOFT,8.0,True,Williams,0 days 01:46:43.022000,2019-09-01 14:26:43.236,1,16.0,False,,False,True,17.8,53.8,968.3,False,29.6,4,2.2
0 days 01:50:22.798000,RUS,63,0 days 00:01:50.100000,39.0,2.0,,,0 days 00:00:31.962000,0 days 00:00:47.929000,0 days 00:00:30.209000,0 days 01:49:04.838000,0 days 01:49:52.767000,0 days 01:50:22.976000,296.0,203.0,215.0,303.0,False,SOFT,9.0,True,Williams,0 days 01:48:32.698000,2019-09-01 14:28:32.912,1,16.0,False,,False,True,17.9,53.0,968.3,False,28.9,2,1.9
0 days 01:52:13.720000,RUS,63,0 days 00:01:50.922000,40.0,2.0,,,0 days 00:00:32.452000,0 days 00:00:48.411000,0 days 00:00:30.059000,0 days 01:50:55.428000,0 days 01:51:43.839000,0 days 01:52:13.898000,324.0,196.0,218.0,307.0,False,SOFT,10.0,True,Williams,0 days 01:50:22.798000,2019-09-01 14:30:23.012,1,16.0,False,,False,True,17.9,52.0,968.3,False,28.8,356,2.5
0 days 01:54:03.645000,RUS,63,0 days 00:01:49.925000,41.0,2.0,,,0 days 00:00:32.036000,0 days 00:00:47.869000,0 days 00:00:30.020000,0 days 01:52:45.934000,0 days 01:53:33.803000,0 days 01:54:03.823000,300.0,199.0,219.0,303.0,False,SOFT,11.0,True,Williams,0 days 01:52:13.720000,2019-09-01 14:32:13.934,1,16.0,False,,False,True,17.6,53.0,968.3,False,28.8,352,2.5
0 days 01:55:52.938000,RUS,63,0 days 00:01:49.293000,42.0,2.0,,,0 days 00:00:31.949000,0 days 00:00:47.542000,0 days 00:00:29.802000,0 days 01:54:35.772000,0 days 01:55:23.314000,0 days 01:55:53.116000,305.0,201.0,219.0,301.0,False,SOFT,12.0,True,Williams,0 days 01:54:03.645000,2019-09-01 14:34:03.859,1,16.0,False,,False,True,17.6,52.9,968.3,False,28.8,127,2.6
0 days 01:57:43.994000,RUS,63,0 days 00:01:51.056000,43.0,2.0,,,0 days 00:00:32.037000,0 days 00:00:49.083000,0 days 00:00:29.936000,0 days 01:56:25.153000,0 days 01:57:14.236000,0 days 01:57:44.172000,304.0,202.0,217.0,,False,SOFT,13.0,True,Williams,0 days 01:55:52.938000,2019-09-01 14:35:53.152,12,15.0,False,,False,True,17.8,53.4,968.3,False,28.4,189,1.4
0 days 00:44:48.292000,RAI,7,,4.0,3.0,,,0 days 00:00:49.439000,0 days 00:01:05.652000,0 days 00:00:43.566000,0 days 00:42:59.151000,0 days 00:44:04.859000,0 days 00:44:52.441000,289.0,189.0,218.0,247.0,False,MEDIUM,3.0,False,Alfa Romeo Racing,0 days 00:42:09.702000,2019-09-01 13:22:09.916,41,18.0,False,,False,False,17.5,55.2,968.2,False,28.5,4,1.9
0 days 00:46:43.589000,RAI,7,0 days 00:01:55.297000,5.0,3.0,,,0 days 00:00:31.996000,0 days 00:00:52.910000,0 days 00:00:30.391000,0 days 00:45:20.288000,0 days 00:46:13.198000,0 days 00:46:43.589000,314.0,192.0,218.0,299.0,True,MEDIUM,4.0,False,Alfa Romeo Racing,0 days 00:44:48.292000,2019-09-01 13:24:48.506,1,18.0,False,,False,True,17.4,56.3,968.2,False,27.8,27,2.0
0 days 00:48:36.777000,RAI,7,0 days 00:01:53.188000,6.0,3.0,,,0 days 00:00:31.648000,0 days 00:00:51.430000,0 days 00:00:30.110000,0 days 00:47:15.237000,0 days 00:48:06.667000,0 days 00:48:36.777000,322.0,189.0,215.0,303.0,True,MEDIUM,5.0,False,Alfa Romeo Racing,0 days 00:46:43.589000,2019-09-01 13:26:43.803,1,17.0,False,,False,True,17.4,56.8,968.2,False,27.3,333,1.6
0 days 00:50:29.462000,RAI,7,0 days 00:01:52.685000,7.0,3.0,,,0 days 00:00:31.282000,0 days 00:00:51.268000,0 days 00:00:30.135000,0 days 00:49:08.059000,0 days 00:49:59.327000,0 days 00:50:29.462000,347.0,190.0,214.0,310.0,True,MEDIUM,6.0,False,Alfa Romeo Racing,0 days 00:48:36.777000,2019-09-01 13:28:36.991,1,16.0,False,,False,True,17.5,55.5,968.2,False,27.1,284,1.5
0 days 00:52:21.983000,RAI,7,0 days 00:01:52.521000,8.0,3.0,,,0 days 00:00:31.663000,0 days 00:00:50.842000,0 days 00:00:30.016000,0 days 00:51:01.125000,0 days 00:51:51.967000,0 days 00:52:21.983000,320.0,190.0,215.0,306.0,True,MEDIUM,7.0,False,Alfa Romeo Racing,0 days 00:50:29.462000,2019-09-01 13:30:29.676,1,16.0,False,,False,True,17.2,56.8,968.2,False,26.6,222,1.5
0 days 00:54:13.896000,RAI,7,0 days 00:01:51.913000,9.0,3.0,,,0 days 00:00:31.715000,0 days 00:00:50.151000,0 days 00:00:30.047000,0 days 00:52:53.698000,0 days 00:53:43.849000,0 days 00:54:13.896000,318.0,191.0,214.0,,True,MEDIUM,8.0,False,Alfa Romeo Racing,0 days 00:52:21.983000,2019-09-01 13:32:22.197,1,16.0,False,,False,True,17.4,57.5,968.2,False,26.6,1,2.9
0 days 00:56:05.964000,RAI,7,0 days 00:01:52.068000,10.0,3.0,,,0 days 00:00:31.753000,0 days 00:00:50.444000,0 days 00:00:29.871000,0 days 00:54:45.649000,0 days 00:55:36.093000,0 days 00:56:05.964000,317.0,190.0,215.0,,False,MEDIUM,9.0,False,Alfa Romeo Racing,0 days 00:54:13.896000,2019-09-01 13:34:14.110,1,16.0,False,,False,True,17.3,57.7,968.3,False,26.8,273,0.9
0 days 00:57:57.874000,RAI,7,0 days 00:01:51.910000,11.0,3.0,,,0 days 00:00:31.703000,0 days 00:00:50.318000,0 days 00:00:29.889000,0 days 00:56:37.667000,0 days 00:57:27.985000,0 days 00:57:57.874000,318.0,192.0,215.0,307.0,True,MEDIUM,10.0,False,Alfa Romeo Racing,0 days 00:56:05.964000,2019-09-01 13:36:06.178,1,15.0,False,,False,True,17.2,58.0,968.3,False,27.1,245,1.9
0 days 00:59:49.890000,RAI,7,0 days 00:01:52.016000,12.0,3.0,,,0 days 00:00:31.738000,0 days 00:00:50.343000,0 days 00:00:29.935000,0 days 00:58:29.612000,0 days 00:59:19.955000,0 days 00:59:49.890000,315.0,190.0,215.0,308.0,False,MEDIUM,11.0,False,Alfa Romeo Racing,0 days 00:57:57.874000,2019-09-01 13:37:58.088,1,15.0,False,,False,True,17.3,58.4,968.2,False,27.1,16,1.6
0 days 01:01:42.355000,RAI,7,0 days 00:01:52.465000,13.0,3.0,,,0 days 00:00:31.802000,0 days 00:00:50.653000,0 days 00:00:30.010000,0 days 01:00:21.692000,0 days 01:01:12.345000,0 days 01:01:42.355000,318.0,183.0,214.0,,False,MEDIUM,12.0,False,Alfa Romeo Racing,0 days 00:59:49.890000,2019-09-01 13:39:50.104,1,15.0,False,,False,True,17.2,56.9,968.3,False,28.4,2,2.8
0 days 01:03:34.556000,RAI,7,0 days 00:01:52.201000,14.0,3.0,,,0 days 00:00:31.871000,0 days 00:00:50.428000,0 days 00:00:29.902000,0 days 01:02:14.226000,0 days 01:03:04.654000,0 days 01:03:34.556000,316.0,192.0,215.0,,False,MEDIUM,13.0,False,Alfa Romeo Racing,0 days 01:01:42.355000,2019-09-01 13:41:42.569,1,14.0,False,,False,True,17.5,56.8,968.3,False,29.2,203,2.1
0 days 01:05:26.830000,RAI,7,0 days 00:01:52.274000,15.0,3.0,,,0 days 00:00:31.814000,0 days 00:00:50.551000,0 days 00:00:29.909000,0 days 01:04:06.370000,0 days 01:04:56.921000,0 days 01:05:26.830000,315.0,188.0,214.0,306.0,False,MEDIUM,14.0,False,Alfa Romeo Racing,0 days 01:03:34.556000,2019-09-01 13:43:34.770,1,13.0,False,,False,True,17.7,54.5,968.2,False,29.6,183,1.4
0 days 01:07:19.224000,RAI,7,0 days 00:01:52.394000,16.0,3.0,,,0 days 00:00:31.773000,0 days 00:00:50.607000,0 days 00:00:30.014000,0 days 01:05:58.603000,0 days 01:06:49.210000,0 days 01:07:19.224000,321.0,193.0,216.0,307.0,False,MEDIUM,15.0,False,Alfa Romeo Racing,0 days 01:05:26.830000,2019-09-01 13:45:27.044,1,13.0,False,,False,True,17.8,54.7,968.3,False,29.8,267,2.5
0 days 01:09:13.295000,RAI,7,0 days 00:01:54.071000,17.0,3.0,,,0 days 00:00:31.967000,0 days 00:00:52.080000,0 days 00:00:30.024000,0 days 01:07:51.191000,0 days 01:08:43.271000,0 days 01:09:13.295000,309.0,187.0,217.0,309.0,False,MEDIUM,16.0,False,Alfa Romeo Racing,0 days 01:07:19.224000,2019-09-01 13:47:19.438,1,14.0,False,,False,True,17.8,55.2,968.3,False,29.6,349,0.7
0 days 01:11:07.300000,RAI,7,0 days 00:01:54.005000,18.0,3.0,,,0 days 00:00:31.931000,0 days 00:00:51.918000,0 days 00:00:30.156000,0 days 01:09:45.226000,0 days 01:10:37.144000,0 days 01:11:07.300000,341.0,188.0,216.0,303.0,False,MEDIUM,17.0,False,Alfa Romeo Racing,0 days 01:09:13.295000,2019-09-01 13:49:13.509,1,15.0,False,,False,True,17.6,56.0,968.3,False,28.2,74,1.0
0 days 01:13:00.718000,RAI,7,0 days 00:01:53.418000,19.0,3.0,,,0 days 00:00:31.799000,0 days 00:00:51.563000,0 days 00:00:30.056000,0 days 01:11:39.099000,0 days 01:12:30.662000,0 days 01:13:00.718000,308.0,192.0,216.0,309.0,False,MEDIUM,18.0,False,Alfa Romeo Racing,0 days 01:11:07.300000,2019-09-01 13:51:07.514,1,16.0,False,,False,True,17.6,56.6,968.3,False,28.3,74,0.9
0 days 01:14:53.221000,RAI,7,0 days 00:01:52.503000,20.0,3.0,,,0 days 00:00:31.776000,0 days 00:00:50.893000,0 days 00:00:29.834000,0 days 01:13:32.494000,0 days 01:14:23.387000,0 days 01:14:53.221000,314.0,192.0,216.0,,False,MEDIUM,19.0,False,Alfa Romeo Racing,0 days 01:13:00.718000,2019-09-01 13:53:00.932,1,16.0,False,,False,True,17.9,55.3,968.3,False,28.3,5,2.2
0 days 01:16:45.049000,RAI,7,0 days 00:01:51.828000,21.0,3.0,,,0 days 00:00:31.597000,0 days 00:00:50.304000,0 days 00:00:29.927000,0 days 01:15:24.818000,0 days 01:16:15.122000,0 days 01:16:45.049000,317.0,192.0,213.0,308.0,True,MEDIUM,20.0,False,Alfa Romeo Racing,0 days 01:14:53.221000,2019-09-01 13:54:53.435,1,16.0,False,,False,True,17.7,55.7,968.3,False,28.8,1,2.1
0 days 01:18:37.185000,RAI,7,0 days 00:01:52.136000,22.0,3.0,,,0 days 00:00:31.781000,0 days 00:00:50.388000,0 days 00:00:29.967000,0 days 01:17:16.830000,0 days 01:18:07.218000,0 days 01:18:37.185000,315.0,187.0,213.0,306.0,False,MEDIUM,21.0,False,Alfa Romeo Racing,0 days 01:16:45.049000,2019-09-01 13:56:45.263,1,16.0,False,,False,True,17.9,55.0,968.2,False,29.3,33,1.7
0 days 01:20:29.712000,RAI,7,0 days 00:01:52.527000,23.0,3.0,,,0 days 00:00:31.876000,0 days 00:00:50.578000,0 days 00:00:30.073000,0 days 01:19:09.061000,0 days 01:19:59.639000,0 days 01:20:29.712000,313.0,188.0,216.0,,False,MEDIUM,22.0,False,Alfa Romeo Racing,0 days 01:18:37.185000,2019-09-01 13:58:37.399,1,16.0,False,,False,True,18.0,54.6,968.3,False,29.9,22,0.9
0 days 01:22:22.496000,RAI,7,0 days 00:01:52.784000,24.0,3.0,,,0 days 00:00:31.746000,0 days 00:00:50.952000,0 days 00:00:30.086000,0 days 01:21:01.458000,0 days 01:21:52.410000,0 days 01:22:22.496000,314.0,186.0,213.0,307.0,False,MEDIUM,23.0,False,Alfa Romeo Racing,0 days 01:20:29.712000,2019-09-01 14:00:29.926,1,16.0,False,,False,True,18.0,54.2,968.2,False,30.1,21,2.8
0 days 01:24:15.051000,RAI,7,0 days 00:01:52.555000,25.0,3.0,,,0 days 00:00:31.846000,0 days 00:00:50.778000,0 days 00:00:29.931000,0 days 01:22:54.342000,0 days 01:23:45.120000,0 days 01:24:15.051000,311.0,186.0,216.0,308.0,False,MEDIUM,24.0,False,Alfa Romeo Racing,0 days 01:22:22.496000,2019-09-01 14:02:22.710,1,16.0,False,,False,True,18.0,55.5,968.2,False,30.7,234,1.7
0 days 01:26:07.239000,RAI,7,0 days 00:01:52.188000,26.0,3.0,,,0 days 00:00:31.776000,0 days 00:00:50.456000,0 days 00:00:29.956000,0 days 01:24:46.827000,0 days 01:25:37.283000,0 days 01:26:07.239000,310.0,187.0,215.0,,False,MEDIUM,25.0,False,Alfa Romeo Racing,0 days 01:24:15.051000,2019-09-01 14:04:15.265,1,15.0,False,,False,True,18.2,55.2,968.3,False,29.7,347,2.5
0 days 01:27:59.685000,RAI,7,0 days 00:01:52.446000,27.0,3.0,,,0 days 00:00:31.735000,0 days 00:00:50.627000,0 days 00:00:30.084000,0 days 01:26:38.974000,0 days 01:27:29.601000,0 days 01:27:59.685000,308.0,190.0,216.0,309.0,False,MEDIUM,26.0,False,Alfa Romeo Racing,0 days 01:26:07.239000,2019-09-01 14:06:07.453,1,15.0,False,,False,True,17.7,56.1,968.2,False,28.8,350,2.5
0 days 01:29:52.749000,RAI,7,0 days 00:01:53.064000,28.0,3.0,,,0 days 00:00:32.006000,0 days 00:00:50.882000,0 days 00:00:30.176000,0 days 01:28:31.691000,0 days 01:29:22.573000,0 days 01:29:52.749000,304.0,192.0,216.0,306.0,False,MEDIUM,27.0,False,Alfa Romeo Racing,0 days 01:27:59.685000,2019-09-01 14:07:59.899,1,15.0,False,,False,True,17.4,57.3,968.2,False,28.3,359,2.0
0 days 01:31:45.849000,RAI,7,0 days 00:01:53.100000,29.0,3.0,,,0 days 00:00:31.869000,0 days 00:00:50.654000,0 days 00:00:30.577000,0 days 01:30:24.618000,0 days 01:31:15.272000,0 days 01:31:45.849000,314.0,183.0,221.0,305.0,False,MEDIUM,28.0,False,Alfa Romeo Racing,0 days 01:29:52.749000,2019-09-01 14:09:52.963,1,16.0,False,,False,True,17.4,57.2,968.3,False,28.4,329,2.5
0 days 01:33:39.515000,RAI,7,0 days 00:01:53.666000,30.0,3.0,,,0 days 00:00:31.938000,0 days 00:00:51.468000,0 days 00:00:30.260000,0 days 01:32:17.787000,0 days 01:33:09.255000,0 days 01:33:39.515000,322.0,185.0,216.0,312.0,False,MEDIUM,29.0,False,Alfa Romeo Racing,0 days 01:31:45.849000,2019-09-01 14:11:46.063,1,16.0,False,,False,True,17.6,56.5,968.3,False,28.9,310,2.7
0 days 01:39:35.410000,RAI,7,0 days 00:01:48.844000,33.0,4.0,,,0 days 00:00:30.988000,0 days 00:00:48.687000,0 days 00:00:29.169000,0 days 01:38:17.554000,0 days 01:39:06.241000,0 days 01:39:35.410000,321.0,199.0,221.0,312.0,True,SOFT,7.0,False,Alfa Romeo Racing,0 days 01:37:46.566000,2019-09-01 14:17:46.780,1,18.0,False,,False,True,17.6,57.1,968.2,False,28.2,293,2.4
0 days 01:41:25.222000,RAI,7,0 days 00:01:49.812000,34.0,4.0,,,0 days 00:00:30.984000,0 days 00:00:49.255000,0 days 00:00:29.573000,0 days 01:40:06.394000,0 days 01:40:55.649000,0 days 01:41:25.222000,319.0,194.0,221.0,314.0,False,SOFT,8.0,False,Alfa Romeo Racing,0 days 01:39:35.410000,2019-09-01 14:19:35.624,1,18.0,False,,False,True,17.7,55.9,968.2,False,28.8,3,1.9
0 days 01:43:14.996000,RAI,7,0 days 00:01:49.774000,35.0,4.0,,,0 days 00:00:31.266000,0 days 00:00:49.122000,0 days 00:00:29.386000,0 days 01:41:56.488000,0 days 01:42:45.610000,0 days 01:43:14.996000,318.0,199.0,220.0,313.0,False,SOFT,9.0,False,Alfa Romeo Racing,0 days 01:41:25.222000,2019-09-01 14:21:25.436,1,18.0,False,,False,True,17.6,56.0,968.3,False,27.8,3,2.7
0 days 01:45:06.161000,RAI,7,0 days 00:01:51.165000,36.0,4.0,,,0 days 00:00:31.397000,0 days 00:00:50.292000,0 days 00:00:29.476000,0 days 01:43:46.393000,0 days 01:44:36.685000,0 days 01:45:06.161000,270.0,194.0,221.0,,False,SOFT,10.0,False,Alfa Romeo Racing,0 days 01:43:14.996000,2019-09-01 14:23:15.210,1,18.0,False,,False,True,17.5,54.5,968.3,False,28.0,308,2.6
0 days 01:46:54.914000,RAI,7,0 days 00:01:48.753000,37.0,4.0,,,0 days 00:00:30.747000,0 days 00:00:48.522000,0 days 00:00:29.484000,0 days 01:45:36.908000,0 days 01:46:25.430000,0 days 01:46:54.914000,328.0,198.0,218.0,317.0,True,SOFT,11.0,False,Alfa Romeo Racing,0 days 01:45:06.161000,2019-09-01 14:25:06.375,1,17.0,False,,False,True,17.5,54.5,968.3,False,28.9,348,1.4
0 days 01:48:44.817000,RAI,7,0 days 00:01:49.903000,38.0,4.0,,,0 days 00:00:31.618000,0 days 00:00:48.721000,0 days 00:00:29.564000,0 days 01:47:26.532000,0 days 01:48:15.253000,0 days 01:48:44.817000,309.0,196.0,219.0,307.0,False,SOFT,12.0,False,Alfa Romeo Racing,0 days 01:46:54.914000,2019-09-01 14:26:55.128,1,17.0,False,,False,True,17.8,53.8,968.3,False,29.6,4,2.2
0 days 01:50:34.288000,RAI,7,0 days 00:01:49.471000,39.0,4.0,,,0 days 00:00:31.488000,0 days 00:00:48.454000,0 days 00:00:29.529000,0 days 01:49:16.305000,0 days 01:50:04.759000,0 days 01:50:34.288000,311.0,199.0,217.0,306.0,False,SOFT,13.0,False,Alfa Romeo Racing,0 days 01:48:44.817000,2019-09-01 14:28:45.031,1,17.0,False,,False,True,17.9,53.0,968.3,False,28.9,2,1.9
0 days 01:52:24.493000,RAI,7,0 days 00:01:50.205000,40.0,4.0,,,0 days 00:00:31.584000,0 days 00:00:48.819000,0 days 00:00:29.802000,0 days 01:51:05.872000,0 days 01:51:54.691000,0 days 01:52:24.493000,309.0,196.0,213.0,308.0,False,SOFT,14.0,False,Alfa Romeo Racing,0 days 01:50:34.288000,2019-09-01 14:30:34.502,1,17.0,False,,False,True,17.8,52.4,968.3,False,28.8,2,1.8
0 days 01:54:14.070000,RAI,7,0 days 00:01:49.577000,41.0,4.0,,,0 days 00:00:31.667000,0 days 00:00:48.392000,0 days 00:00:29.518000,0 days 01:52:56.160000,0 days 01:53:44.552000,0 days 01:54:14.070000,313.0,194.0,219.0,307.0,False,SOFT,15.0,False,Alfa Romeo Racing,0 days 01:52:24.493000,2019-09-01 14:32:24.707,1,17.0,False,,False,True,17.6,53.0,968.3,False,28.8,352,2.5
0 days 01:56:03.369000,RAI,7,0 days 00:01:49.299000,42.0,4.0,,,0 days 00:00:31.660000,0 days 00:00:48.146000,0 days 00:00:29.493000,0 days 01:54:45.730000,0 days 01:55:33.876000,0 days 01:56:03.369000,311.0,197.0,219.0,305.0,False,SOFT,16.0,False,Alfa Romeo Racing,0 days 01:54:14.070000,2019-09-01 14:34:14.284,1,17.0,False,,False,True,17.6,52.9,968.3,False,28.8,127,2.6
0 days 01:57:56.377000,RAI,7,0 days 00:01:53.008000,43.0,4.0,,,0 days 00:00:31.704000,0 days 00:00:51.208000,0 days 00:00:30.096000,0 days 01:56:35.073000,0 days 01:57:26.281000,0 days 01:57:56.377000,309.0,195.0,194.0,306.0,False,SOFT,17.0,False,Alfa Romeo Racing,0 days 01:56:03.369000,2019-09-01 14:36:03.583,12,16.0,False,,False,True,17.8,53.4,968.3,False,28.4,189,1.4
0 days 00:35:49.363000,BOT,77,0 days 00:02:22.327000,1.0,1.0,,,,0 days 00:01:07.442000,0 days 00:00:40.307000,,0 days 00:35:09.461000,0 days 00:35:49.628000,328.0,152.0,192.0,300.0,False,SOFT,6.0,False,Mercedes,0 days 00:33:26.693000,2019-09-01 13:13:26.907,124,5.0,False,,False,False,16.9,59.2,968.2,False,27.0,26,2.4
0 days 00:38:48.147000,BOT,77,,2.0,1.0,,,0 days 00:01:03.539000,0 days 00:01:14.671000,0 days 00:00:40.805000,0 days 00:36:52.938000,0 days 00:38:07.607000,0 days 00:38:48.419000,262.0,187.0,126.0,93.0,False,SOFT,7.0,False,Mercedes,0 days 00:35:49.363000,2019-09-01 13:15:49.577,4,4.0,False,,False,False,17.2,58.0,968.2,False,27.7,353,2.1
0 days 00:41:48.401000,BOT,77,,3.0,1.0,,,0 days 00:00:55.592000,0 days 00:01:12.474000,0 days 00:00:52.311000,0 days 00:39:44.051000,0 days 00:40:56.355000,0 days 00:41:48.791000,250.0,99.0,192.0,184.0,False,SOFT,8.0,False,Mercedes,0 days 00:38:48.147000,2019-09-01 13:18:48.361,4,4.0,False,,False,False,17.3,56.1,968.1,False,29.2,34,2.9
0 days 00:44:41.089000,BOT,77,,4.0,1.0,,,0 days 00:00:43.873000,0 days 00:01:15.807000,0 days 00:00:53.005000,0 days 00:42:32.716000,0 days 00:43:48.349000,0 days 00:44:42.362000,244.0,125.0,219.0,205.0,False,SOFT,9.0,False,Mercedes,0 days 00:41:48.401000,2019-09-01 13:21:48.615,41,4.0,False,,False,False,17.5,55.2,968.2,False,28.5,4,1.9
0 days 00:46:32.836000,BOT,77,0 days 00:01:51.747000,5.0,1.0,,,0 days 00:00:31.159000,0 days 00:00:50.751000,0 days 00:00:29.837000,0 days 00:45:12.513000,0 days 00:46:03.264000,0 days 00:46:33.101000,334.0,197.0,216.0,315.0,True,SOFT,10.0,False,Mercedes,0 days 00:44:41.089000,2019-09-01 13:24:41.303,1,4.0,False,,False,True,17.4,56.3,968.2,False,27.8,27,2.0
0 days 00:48:23.144000,BOT,77,0 days 00:01:50.308000,6.0,1.0,,,0 days 00:00:31.609000,0 days 00:00:48.934000,0 days 00:00:29.765000,0 days 00:47:04.710000,0 days 00:47:53.644000,0 days 00:48:23.409000,311.0,196.0,216.0,308.0,True,SOFT,11.0,False,Mercedes,0 days 00:46:32.836000,2019-09-01 13:26:33.050,1,4.0,False,,False,True,17.4,56.8,968.2,False,27.3,333,1.6
0 days 00:50:13.231000,BOT,77,0 days 00:01:50.087000,7.0,1.0,,,0 days 00:00:31.578000,0 days 00:00:48.796000,0 days 00:00:29.713000,0 days 00:48:54.987000,0 days 00:49:43.783000,0 days 00:50:13.496000,308.0,199.0,216.0,309.0,True,SOFT,12.0,False,Mercedes,0 days 00:48:23.144000,2019-09-01 13:28:23.358,1,4.0,False,,False,True,17.6,56.9,968.3,False,27.3,319,0.8
0 days 00:52:03.288000,BOT,77,0 days 00:01:50.057000,8.0,1.0,,,0 days 00:00:31.551000,0 days 00:00:48.758000,0 days 00:00:29.748000,0 days 00:50:45.047000,0 days 00:51:33.805000,0 days 00:52:03.553000,310.0,196.0,215.0,,True,SOFT,13.0,False,Mercedes,0 days 00:50:13.231000,2019-09-01 13:30:13.445,1,4.0,False,,False,True,17.2,56.8,968.2,False,26.6,222,1.5
0 days 00:53:53.310000,BOT,77,0 days 00:01:50.022000,9.0,1.0,,,0 days 00:00:31.709000,0 days 00:00:48.569000,0 days 00:00:29.744000,0 days 00:52:35.262000,0 days 00:53:23.831000,0 days 00:53:53.575000,309.0,196.0,217.0,308.0,True,SOFT,14.0,False,Mercedes,0 days 00:52:03.288000,2019-09-01 13:32:03.502,1,4.0,False,,False,True,17.4,57.5,968.2,False,26.6,1,2.9
0 days 00:55:43.045000,BOT,77,0 days 00:01:49.735000,10.0,1.0,,,0 days 00:00:31.646000,0 days 00:00:48.449000,0 days 00:00:29.640000,0 days 00:54:25.221000,0 days 00:55:13.670000,0 days 00:55:43.310000,310.0,196.0,217.0,,True,SOFT,15.0,False,Mercedes,0 days 00:53:53.310000,2019-09-01 13:33:53.524,1,4.0,False,,False,True,17.3,57.7,968.3,False,26.8,273,0.9
0 days 00:57:32.387000,BOT,77,0 days 00:01:49.342000,11.0,1.0,,,0 days 00:00:31.457000,0 days 00:00:48.231000,0 days 00:00:29.654000,0 days 00:56:14.767000,0 days 00:57:02.998000,0 days 00:57:32.652000,313.0,196.0,216.0,309.0,True,SOFT,16.0,False,Mercedes,0 days 00:55:43.045000,2019-09-01 13:35:43.259,1,4.0,False,,False,True,17.2,58.0,968.3,False,27.1,245,1.9
0 days 00:59:22.045000,BOT,77,0 days 00:01:49.658000,12.0,1.0,,,0 days 00:00:31.517000,0 days 00:00:48.539000,0 days 00:00:29.602000,0 days 00:58:04.169000,0 days 00:58:52.708000,0 days 00:59:22.310000,310.0,198.0,217.0,308.0,False,SOFT,17.0,False,Mercedes,0 days 00:57:32.387000,2019-09-01 13:37:32.601,1,4.0,False,,False,True,17.3,58.4,968.2,False,27.1,16,1.6
0 days 01:01:11.507000,BOT,77,0 days 00:01:49.462000,13.0,1.0,,,0 days 00:00:31.517000,0 days 00:00:48.452000,0 days 00:00:29.493000,,0 days 01:00:42.279000,0 days 01:01:11.772000,312.0,198.0,218.0,310.0,False,SOFT,18.0,False,Mercedes,0 days 00:59:22.045000,2019-09-01 13:39:22.259,1,4.0,False,,False,True,17.4,55.9,968.2,False,27.8,19,1.5
0 days 01:03:00.820000,BOT,77,0 days 00:01:49.313000,14.0,1.0,,,0 days 00:00:31.549000,0 days 00:00:48.216000,0 days 00:00:29.548000,0 days 01:01:43.321000,0 days 01:02:31.537000,0 days 01:03:01.085000,311.0,197.0,217.0,312.0,True,SOFT,19.0,False,Mercedes,0 days 01:01:11.507000,2019-09-01 13:41:11.721,1,4.0,False,,False,True,17.5,56.9,968.1,False,29.0,12,2.2
0 days 01:04:50.268000,BOT,77,0 days 00:01:49.448000,15.0,1.0,,,0 days 00:00:31.618000,0 days 00:00:48.315000,0 days 00:00:29.515000,0 days 01:03:32.703000,0 days 01:04:21.018000,0 days 01:04:50.533000,309.0,195.0,219.0,309.0,False,SOFT,20.0,False,Mercedes,0 days 01:03:00.820000,2019-09-01 13:43:01.034,1,3.0,False,,False,True,17.6,56.0,968.2,False,29.2,307,0.9
0 days 01:06:39.685000,BOT,77,0 days 00:01:49.417000,16.0,1.0,,,0 days 00:00:31.557000,0 days 00:00:48.311000,0 days 00:00:29.549000,0 days 01:05:22.090000,0 days 01:06:10.401000,0 days 01:06:39.950000,,194.0,218.0,311.0,False,SOFT,21.0,False,Mercedes,0 days 01:04:50.268000,2019-09-01 13:44:50.482,1,3.0,False,,False,True,17.8,54.7,968.3,False,29.8,267,2.5
0 days 01:08:28.913000,BOT,77,0 days 00:01:49.228000,17.0,1.0,,,0 days 00:00:31.529000,0 days 00:00:48.169000,0 days 00:00:29.530000,0 days 01:07:11.479000,0 days 01:07:59.648000,0 days 01:08:29.178000,311.0,197.0,219.0,310.0,True,SOFT,22.0,False,Mercedes,0 days 01:06:39.685000,2019-09-01 13:46:39.899,1,3.0,False,,False,True,17.8,55.2,968.3,False,29.6,349,0.7
0 days 01:10:18.488000,BOT,77,0 days 00:01:49.575000,18.0,1.0,,,0 days 00:00:31.495000,0 days 00:00:48.431000,0 days 00:00:29.649000,0 days 01:09:00.673000,0 days 01:09:49.104000,0 days 01:10:18.753000,309.0,193.0,218.0,309.0,False,SOFT,23.0,False,Mercedes,0 days 01:08:28.913000,2019-09-01 13:48:29.127,1,3.0,False,,False,True,17.6,55.6,968.3,False,28.7,0,1.4
0 days 01:12:07.758000,BOT,77,0 days 00:01:49.270000,19.0,1.0,,,0 days 00:00:31.534000,0 days 00:00:48.188000,0 days 00:00:29.548000,0 days 01:10:50.287000,0 days 01:11:38.475000,0 days 01:12:08.023000,310.0,195.0,219.0,308.0,False,SOFT,24.0,False,Mercedes,0 days 01:10:18.488000,2019-09-01 13:50:18.702,1,3.0,False,,False,True,17.5,56.3,968.3,False,28.2,177,1.0
0 days 01:13:56.891000,BOT,77,0 days 00:01:49.133000,20.0,1.0,,,0 days 00:00:31.480000,0 days 00:00:48.066000,0 days 00:00:29.587000,0 days 01:12:39.503000,0 days 01:13:27.569000,0 days 01:13:57.156000,311.0,200.0,218.0,,True,SOFT,25.0,False,Mercedes,0 days 01:12:07.758000,2019-09-01 13:52:07.972,1,3.0,False,,False,True,17.8,56.1,968.3,False,28.3,20,1.0
0 days 01:15:46.100000,BOT,77,0 days 00:01:49.209000,21.0,1.0,,,0 days 00:00:31.509000,0 days 00:00:48.163000,0 days 00:00:29.537000,0 days 01:14:28.665000,0 days 01:15:16.828000,0 days 01:15:46.365000,310.0,193.0,220.0,,False,SOFT,26.0,False,Mercedes,0 days 01:13:56.891000,2019-09-01 13:53:57.105,1,3.0,False,,False,True,17.8,55.4,968.2,False,28.3,18,2.0
0 days 01:17:35.611000,BOT,77,0 days 00:01:49.511000,22.0,1.0,,,0 days 00:00:31.583000,0 days 00:00:48.291000,0 days 00:00:29.637000,0 days 01:16:17.948000,0 days 01:17:06.239000,0 days 01:17:35.876000,307.0,196.0,219.0,,False,SOFT,27.0,False,Mercedes,0 days 01:15:46.100000,2019-09-01 13:55:46.314,1,2.0,False,,False,True,17.8,55.9,968.3,False,29.0,357,2.6
0 days 01:23:17.583000,BOT,77,0 days 00:01:46.551000,25.0,2.0,,,0 days 00:00:31.334000,0 days 00:00:46.230000,0 days 00:00:28.987000,0 days 01:22:02.631000,0 days 01:22:48.861000,0 days 01:23:17.848000,307.0,206.0,222.0,308.0,True,MEDIUM,2.0,True,Mercedes,0 days 01:21:31.032000,2019-09-01 14:01:31.246,1,4.0,False,,False,True,18.0,55.5,968.2,False,30.7,234,1.7
0 days 01:25:04.193000,BOT,77,0 days 00:01:46.610000,26.0,2.0,,,0 days 00:00:31.104000,0 days 00:00:46.472000,0 days 00:00:29.034000,0 days 01:23:48.952000,0 days 01:24:35.424000,0 days 01:25:04.458000,309.0,204.0,221.0,310.0,False,MEDIUM,3.0,True,Mercedes,0 days 01:23:17.583000,2019-09-01 14:03:17.797,1,4.0,False,,False,True,18.2,56.3,968.3,False,30.4,346,1.5
0 days 01:26:50.658000,BOT,77,0 days 00:01:46.465000,27.0,2.0,,,0 days 00:00:31.104000,0 days 00:00:46.292000,0 days 00:00:29.069000,,0 days 01:26:21.854000,0 days 01:26:50.923000,312.0,205.0,222.0,,True,MEDIUM,4.0,True,Mercedes,0 days 01:25:04.193000,2019-09-01 14:05:04.407,1,4.0,False,,False,True,17.8,55.6,968.3,False,28.9,8,2.8
0 days 01:28:37.442000,BOT,77,0 days 00:01:46.784000,28.0,2.0,,,0 days 00:00:31.154000,0 days 00:00:46.524000,0 days 00:00:29.106000,0 days 01:27:22.077000,0 days 01:28:08.601000,0 days 01:28:37.707000,310.0,205.0,221.0,309.0,False,MEDIUM,5.0,True,Mercedes,0 days 01:26:50.658000,2019-09-01 14:06:50.872,1,4.0,False,,False,True,17.5,56.8,968.2,False,28.5,4,3.3
0 days 01:30:24.295000,BOT,77,0 days 00:01:46.853000,29.0,2.0,,,0 days 00:00:31.206000,0 days 00:00:46.440000,0 days 00:00:29.207000,0 days 01:29:08.913000,0 days 01:29:55.353000,0 days 01:30:24.560000,312.0,204.0,221.0,310.0,False,MEDIUM,6.0,True,Mercedes,0 days 01:28:37.442000,2019-09-01 14:08:37.656,1,4.0,False,,False,True,17.4,57.5,968.3,False,28.3,0,2.6
0 days 01:32:11.780000,BOT,77,0 days 00:01:47.485000,30.0,2.0,,,0 days 00:00:31.200000,0 days 00:00:46.958000,0 days 00:00:29.327000,0 days 01:30:55.760000,0 days 01:31:42.718000,0 days 01:32:12.045000,,199.0,220.0,,False,MEDIUM,7.0,True,Mercedes,0 days 01:30:24.295000,2019-09-01 14:10:24.509,1,4.0,False,,False,True,17.4,57.2,968.3,False,28.4,329,2.5
0 days 01:33:59.133000,BOT,77,0 days 00:01:47.353000,31.0,2.0,,,0 days 00:00:31.245000,0 days 00:00:46.914000,0 days 00:00:29.194000,0 days 01:32:43.290000,0 days 01:33:30.204000,0 days 01:33:59.398000,315.0,199.0,221.0,312.0,False,MEDIUM,8.0,True,Mercedes,0 days 01:32:11.780000,2019-09-01 14:12:11.994,1,4.0,False,,False,True,17.6,56.5,968.3,False,28.9,310,2.7
0 days 01:35:46.794000,BOT,77,0 days 00:01:47.661000,32.0,2.0,,,0 days 00:00:31.129000,0 days 00:00:47.458000,0 days 00:00:29.074000,0 days 01:34:30.527000,0 days 01:35:17.985000,0 days 01:35:47.059000,314.0,199.0,223.0,,False,MEDIUM,9.0,True,Mercedes,0 days 01:33:59.133000,2019-09-01 14:13:59.347,1,4.0,False,,False,True,17.6,56.5,968.2,False,29.4,66,3.8
0 days 01:37:35.814000,BOT,77,0 days 00:01:49.020000,33.0,2.0,,,0 days 00:00:31.147000,0 days 00:00:48.102000,0 days 00:00:29.771000,0 days 01:36:18.206000,0 days 01:37:06.308000,0 days 01:37:36.079000,318.0,201.0,222.0,316.0,False,MEDIUM,10.0,True,Mercedes,0 days 01:35:46.794000,2019-09-01 14:15:47.008,1,3.0,False,,False,True,17.5,57.0,968.3,False,28.5,5,2.5
0 days 01:39:22.881000,BOT,77,0 days 00:01:47.067000,34.0,2.0,,,0 days 00:00:31.131000,0 days 00:00:46.742000,0 days 00:00:29.194000,0 days 01:38:07.210000,0 days 01:38:53.952000,0 days 01:39:23.146000,310.0,202.0,221.0,311.0,False,MEDIUM,11.0,True,Mercedes,0 days 01:37:35.814000,2019-09-01 14:17:36.028,1,3.0,False,,False,True,17.6,57.1,968.2,False,28.2,293,2.4
0 days 01:41:10.112000,BOT,77,0 days 00:01:47.231000,35.0,2.0,,,0 days 00:00:31.259000,0 days 00:00:46.669000,0 days 00:00:29.303000,0 days 01:39:54.405000,0 days 01:40:41.074000,0 days 01:41:10.377000,314.0,202.0,220.0,310.0,False,MEDIUM,12.0,True,Mercedes,0 days 01:39:22.881000,2019-09-01 14:19:23.095,1,3.0,False,,False,True,17.8,56.0,968.2,False,28.8,339,2.1
0 days 01:42:57.229000,BOT,77,0 days 00:01:47.117000,36.0,2.0,,,0 days 00:00:31.212000,0 days 00:00:46.715000,0 days 00:00:29.190000,0 days 01:41:41.589000,0 days 01:42:28.304000,0 days 01:42:57.494000,313.0,203.0,223.0,311.0,False,MEDIUM,13.0,True,Mercedes,0 days 01:41:10.112000,2019-09-01 14:21:10.326,1,3.0,False,,False,True,17.6,56.0,968.3,False,27.8,3,2.7
0 days 01:44:44.274000,BOT,77,0 days 00:01:47.045000,37.0,2.0,,,0 days 00:00:31.167000,0 days 00:00:46.660000,0 days 00:00:29.218000,0 days 01:43:28.661000,0 days 01:44:15.321000,0 days 01:44:44.539000,,202.0,222.0,,False,MEDIUM,14.0,True,Mercedes,0 days 01:42:57.229000,2019-09-01 14:22:57.443,1,3.0,False,,False,True,17.5,54.5,968.3,False,28.0,308,2.6
0 days 01:46:31.744000,BOT,77,0 days 00:01:47.470000,38.0,2.0,,,0 days 00:00:31.176000,0 days 00:00:46.866000,0 days 00:00:29.428000,0 days 01:45:15.715000,0 days 01:46:02.581000,0 days 01:46:32.009000,,200.0,218.0,,False,MEDIUM,15.0,True,Mercedes,0 days 01:44:44.274000,2019-09-01 14:24:44.488,1,3.0,False,,False,True,17.5,54.5,968.3,False,28.9,348,1.4
0 days 01:48:19.473000,BOT,77,0 days 00:01:47.729000,39.0,2.0,,,0 days 00:00:31.330000,0 days 00:00:47.023000,0 days 00:00:29.376000,0 days 01:47:03.339000,0 days 01:47:50.362000,0 days 01:48:19.738000,309.0,199.0,219.0,308.0,False,MEDIUM,16.0,True,Mercedes,0 days 01:46:31.744000,2019-09-01 14:26:31.958,1,3.0,False,,False,True,17.8,53.8,968.3,False,29.6,4,2.2
0 days 01:50:07.444000,BOT,77,0 days 00:01:47.971000,40.0,2.0,,,0 days 00:00:31.305000,0 days 00:00:47.237000,0 days 00:00:29.429000,0 days 01:48:51.043000,0 days 01:49:38.280000,0 days 01:50:07.709000,313.0,193.0,220.0,309.0,False,MEDIUM,17.0,True,Mercedes,0 days 01:48:19.473000,2019-09-01 14:28:19.687,1,3.0,False,,False,True,17.8,53.5,968.3,False,29.5,12,2.4
0 days 01:51:56.080000,BOT,77,0 days 00:01:48.636000,41.0,2.0,,,0 days 00:00:31.410000,0 days 00:00:47.595000,0 days 00:00:29.631000,0 days 01:50:39.119000,0 days 01:51:26.714000,0 days 01:51:56.345000,310.0,198.0,219.0,310.0,False,MEDIUM,18.0,True,Mercedes,0 days 01:50:07.444000,2019-09-01 14:30:07.658,1,3.0,False,,False,True,17.9,52.0,968.3,False,28.8,356,2.5
0 days 01:53:44.560000,BOT,77,0 days 00:01:48.480000,42.0,2.0,,,0 days 00:00:31.559000,0 days 00:00:47.438000,0 days 00:00:29.483000,0 days 01:52:27.904000,0 days 01:53:15.342000,0 days 01:53:44.825000,312.0,197.0,220.0,309.0,False,MEDIUM,19.0,True,Mercedes,0 days 01:51:56.080000,2019-09-01 14:31:56.294,1,3.0,False,,False,True,17.6,53.0,968.3,False,28.8,352,2.5
0 days 01:55:33.726000,BOT,77,0 days 00:01:49.166000,43.0,2.0,,,0 days 00:00:31.470000,0 days 00:00:48.297000,0 days 00:00:29.399000,0 days 01:54:16.295000,0 days 01:55:04.592000,0 days 01:55:33.991000,315.0,199.0,219.0,310.0,False,MEDIUM,20.0,True,Mercedes,0 days 01:53:44.560000,2019-09-01 14:33:44.774,1,3.0,False,,False,True,17.6,52.9,968.3,False,28.8,127,2.6
0 days 01:57:24.980000,BOT,77,0 days 00:01:51.254000,44.0,2.0,,,0 days 00:00:31.894000,0 days 00:00:49.989000,0 days 00:00:29.371000,0 days 01:56:05.885000,0 days 01:56:55.874000,0 days 01:57:25.245000,312.0,197.0,220.0,309.0,False,MEDIUM,21.0,True,Mercedes,0 days 01:55:33.726000,2019-09-01 14:35:33.940,12,3.0,False,,False,True,17.8,53.4,968.3,False,28.4,189,1.4
0 days 00:35:53.971000,GRO,8,0 days 00:02:27.158000,1.0,1.0,,,,0 days 00:01:09.395000,0 days 00:00:41.354000,,0 days 00:35:12.817000,0 days 00:35:54.233000,308.0,154.0,194.0,299.0,False,SOFT,1.0,True,Haas F1 Team,0 days 00:33:26.693000,2019-09-01 13:13:26.907,124,7.0,False,,False,False,16.9,59.2,968.2,False,27.0,26,2.4
0 days 00:38:51.350000,GRO,8,,2.0,1.0,,,0 days 00:01:03.382000,0 days 00:01:14.548000,0 days 00:00:39.457000,0 days 00:36:57.545000,0 days 00:38:12.095000,0 days 00:38:51.806000,254.0,148.0,106.0,88.0,False,SOFT,2.0,True,Haas F1 Team,0 days 00:35:53.971000,2019-09-01 13:15:54.185,4,6.0,False,,False,False,17.2,58.0,968.2,False,27.7,353,2.1
0 days 00:41:51.221000,GRO,8,,3.0,1.0,,,0 days 00:00:55.204000,0 days 00:01:11.698000,0 days 00:00:53.022000,0 days 00:39:46.852000,0 days 00:40:58.399000,0 days 00:41:51.542000,257.0,101.0,158.0,184.0,False,SOFT,3.0,True,Haas F1 Team,0 days 00:38:51.350000,2019-09-01 13:18:51.564,4,6.0,False,,False,False,17.3,56.1,968.1,False,29.2,34,2.9
0 days 00:44:42.323000,GRO,8,,4.0,1.0,,,0 days 00:00:44.967000,0 days 00:01:13.706000,0 days 00:00:52.430000,0 days 00:42:36.463000,0 days 00:43:50.097000,0 days 00:44:43.765000,273.0,112.0,220.0,263.0,False,SOFT,4.0,True,Haas F1 Team,0 days 00:41:51.221000,2019-09-01 13:21:51.435,41,6.0,False,,False,False,17.5,55.2,968.2,False,28.5,4,1.9
0 days 00:46:35.533000,GRO,8,0 days 00:01:53.210000,5.0,1.0,,,0 days 00:00:31.778000,0 days 00:00:51.312000,0 days 00:00:30.120000,0 days 00:45:14.301000,0 days 00:46:05.613000,0 days 00:46:35.733000,314.0,194.0,216.0,303.0,True,SOFT,5.0,True,Haas F1 Team,0 days 00:44:42.323000,2019-09-01 13:24:42.537,1,6.0,False,,False,True,17.4,56.3,968.2,False,27.8,27,2.0
0 days 00:48:27.174000,GRO,8,0 days 00:01:51.641000,6.0,1.0,,,0 days 00:00:31.910000,0 days 00:00:49.798000,0 days 00:00:29.933000,0 days 00:47:07.643000,0 days 00:47:57.441000,0 days 00:48:27.374000,311.0,194.0,215.0,305.0,True,SOFT,6.0,True,Haas F1 Team,0 days 00:46:35.533000,2019-09-01 13:26:35.747,1,6.0,False,,False,True,17.4,56.8,968.2,False,27.3,333,1.6
0 days 00:50:18.521000,GRO,8,0 days 00:01:51.347000,7.0,1.0,,,0 days 00:00:31.847000,0 days 00:00:49.502000,0 days 00:00:29.998000,0 days 00:48:59.221000,0 days 00:49:48.723000,0 days 00:50:18.721000,312.0,194.0,214.0,306.0,True,SOFT,7.0,True,Haas F1 Team,0 days 00:48:27.174000,2019-09-01 13:28:27.388,1,6.0,False,,False,True,17.6,56.9,968.3,False,27.3,319,0.8
0 days 00:52:09.893000,GRO,8,0 days 00:01:51.372000,8.0,1.0,,,0 days 00:00:31.854000,0 days 00:00:49.577000,0 days 00:00:29.941000,0 days 00:50:50.575000,0 days 00:51:40.152000,0 days 00:52:10.093000,,195.0,214.0,,False,SOFT,8.0,True,Haas F1 Team,0 days 00:50:18.521000,2019-09-01 13:30:18.735,1,6.0,False,,False,True,17.2,56.8,968.2,False,26.6,222,1.5
0 days 00:54:01.293000,GRO,8,0 days 00:01:51.400000,9.0,1.0,,,0 days 00:00:31.929000,0 days 00:00:49.389000,0 days 00:00:30.082000,0 days 00:52:42.022000,0 days 00:53:31.411000,0 days 00:54:01.493000,313.0,190.0,214.0,,False,SOFT,9.0,True,Haas F1 Team,0 days 00:52:09.893000,2019-09-01 13:32:10.107,1,6.0,False,,False,True,17.4,57.5,968.2,False,26.6,1,2.9
0 days 00:55:52.438000,GRO,8,0 days 00:01:51.145000,10.0,1.0,,,0 days 00:00:31.991000,0 days 00:00:49.187000,0 days 00:00:29.967000,0 days 00:54:33.484000,0 days 00:55:22.671000,0 days 00:55:52.638000,311.0,194.0,214.0,304.0,True,SOFT,10.0,True,Haas F1 Team,0 days 00:54:01.293000,2019-09-01 13:34:01.507,1,6.0,False,,False,True,17.3,57.7,968.3,False,26.8,273,0.9
0 days 00:57:43.612000,GRO,8,0 days 00:01:51.174000,11.0,1.0,,,0 days 00:00:31.960000,0 days 00:00:49.223000,0 days 00:00:29.991000,0 days 00:56:24.598000,0 days 00:57:13.821000,0 days 00:57:43.812000,307.0,193.0,214.0,305.0,False,SOFT,11.0,True,Haas F1 Team,0 days 00:55:52.438000,2019-09-01 13:35:52.652,1,6.0,False,,False,True,17.2,58.0,968.3,False,27.1,245,1.9
0 days 00:59:34.395000,GRO,8,0 days 00:01:50.783000,12.0,1.0,,,0 days 00:00:31.921000,0 days 00:00:48.892000,0 days 00:00:29.970000,0 days 00:58:15.733000,0 days 00:59:04.625000,0 days 00:59:34.595000,310.0,193.0,214.0,304.0,True,SOFT,12.0,True,Haas F1 Team,0 days 00:57:43.612000,2019-09-01 13:37:43.826,1,6.0,False,,False,True,17.3,58.4,968.2,False,27.1,16,1.6
0 days 01:01:25.263000,GRO,8,0 days 00:01:50.868000,13.0,1.0,,,0 days 00:00:31.939000,0 days 00:00:48.935000,0 days 00:00:29.994000,0 days 01:00:06.534000,0 days 01:00:55.469000,0 days 01:01:25.463000,309.0,193.0,213.0,,False,SOFT,13.0,True,Haas F1 Team,0 days 00:59:34.395000,2019-09-01 13:39:34.609,1,6.0,False,,False,True,17.2,56.9,968.3,False,28.4,2,2.8
0 days 01:03:16.554000,GRO,8,0 days 00:01:51.291000,14.0,1.0,,,0 days 00:00:32.032000,0 days 00:00:49.194000,0 days 00:00:30.065000,0 days 01:01:57.495000,0 days 01:02:46.689000,0 days 01:03:16.754000,306.0,192.0,214.0,,False,SOFT,14.0,True,Haas F1 Team,0 days 01:01:25.263000,2019-09-01 13:41:25.477,1,6.0,False,,False,True,17.5,56.9,968.1,False,29.0,12,2.2
0 days 01:05:07.834000,GRO,8,0 days 00:01:51.280000,15.0,1.0,,,0 days 00:00:32.116000,0 days 00:00:49.147000,0 days 00:00:30.017000,0 days 01:03:48.870000,0 days 01:04:38.017000,0 days 01:05:08.034000,310.0,194.0,214.0,302.0,False,SOFT,15.0,True,Haas F1 Team,0 days 01:03:16.554000,2019-09-01 13:43:16.768,1,6.0,False,,False,True,17.6,56.0,968.2,False,29.2,307,0.9
0 days 01:10:57.860000,GRO,8,0 days 00:01:49.274000,18.0,2.0,,,0 days 00:00:31.389000,0 days 00:00:48.212000,0 days 00:00:29.673000,0 days 01:09:40.175000,0 days 01:10:28.387000,0 days 01:10:58.060000,311.0,198.0,218.0,306.0,True,MEDIUM,2.0,True,Haas F1 Team,0 days 01:09:08.586000,2019-09-01 13:49:08.800,1,10.0,False,,False,True,17.6,56.0,968.3,False,28.2,74,1.0
0 days 01:12:47.805000,GRO,8,0 days 00:01:49.945000,19.0,2.0,,,0 days 00:00:31.511000,0 days 00:00:48.749000,0 days 00:00:29.685000,0 days 01:11:29.571000,0 days 01:12:18.320000,0 days 01:12:48.005000,315.0,195.0,221.0,307.0,False,MEDIUM,3.0,True,Haas F1 Team,0 days 01:10:57.860000,2019-09-01 13:50:58.074,1,10.0,False,,False,True,17.6,56.6,968.3,False,28.3,74,0.9
0 days 01:14:38.297000,GRO,8,0 days 00:01:50.492000,20.0,2.0,,,0 days 00:00:31.260000,0 days 00:00:49.601000,0 days 00:00:29.631000,0 days 01:13:19.265000,0 days 01:14:08.866000,0 days 01:14:38.497000,331.0,194.0,221.0,313.0,False,MEDIUM,4.0,True,Haas F1 Team,0 days 01:12:47.805000,2019-09-01 13:52:48.019,1,10.0,False,,False,True,17.9,55.3,968.3,False,28.3,5,2.2
0 days 01:16:28.850000,GRO,8,0 days 00:01:50.553000,21.0,2.0,,,0 days 00:00:31.398000,0 days 00:00:49.538000,0 days 00:00:29.617000,0 days 01:15:09.895000,0 days 01:15:59.433000,0 days 01:16:29.050000,322.0,196.0,219.0,310.0,False,MEDIUM,5.0,True,Haas F1 Team,0 days 01:14:38.297000,2019-09-01 13:54:38.511,1,10.0,False,,False,True,17.7,55.7,968.3,False,28.8,1,2.1
0 days 01:18:19.426000,GRO,8,0 days 00:01:50.576000,22.0,2.0,,,0 days 00:00:31.290000,0 days 00:00:49.576000,0 days 00:00:29.710000,0 days 01:17:00.340000,0 days 01:17:49.916000,0 days 01:18:19.626000,325.0,192.0,218.0,309.0,False,MEDIUM,6.0,True,Haas F1 Team,0 days 01:16:28.850000,2019-09-01 13:56:29.064,1,10.0,False,,False,True,17.8,55.9,968.3,False,29.0,357,2.6
0 days 01:20:10.370000,GRO,8,0 days 00:01:50.944000,23.0,2.0,,,0 days 00:00:31.289000,0 days 00:00:49.919000,0 days 00:00:29.736000,0 days 01:18:50.915000,0 days 01:19:40.834000,0 days 01:20:10.570000,336.0,187.0,219.0,312.0,False,MEDIUM,7.0,True,Haas F1 Team,0 days 01:18:19.426000,2019-09-01 13:58:19.640,1,9.0,False,,False,True,17.9,55.6,968.3,False,29.8,347,2.5
0 days 01:22:02.490000,GRO,8,0 days 00:01:52.120000,24.0,2.0,,,0 days 00:00:31.499000,0 days 00:00:50.638000,0 days 00:00:29.983000,0 days 01:20:42.069000,0 days 01:21:32.707000,0 days 01:22:02.690000,328.0,194.0,216.0,310.0,False,MEDIUM,8.0,True,Haas F1 Team,0 days 01:20:10.370000,2019-09-01 14:00:10.584,1,10.0,False,,False,True,18.0,54.2,968.2,False,30.1,21,2.8
0 days 01:23:53.243000,GRO,8,0 days 00:01:50.753000,25.0,2.0,,,0 days 00:00:31.769000,0 days 00:00:49.249000,0 days 00:00:29.735000,0 days 01:22:34.459000,0 days 01:23:23.708000,0 days 01:23:53.443000,309.0,195.0,218.0,307.0,False,MEDIUM,9.0,True,Haas F1 Team,0 days 01:22:02.490000,2019-09-01 14:02:02.704,1,9.0,False,,False,True,18.0,55.5,968.2,False,30.7,234,1.7
0 days 01:25:43.618000,GRO,8,0 days 00:01:50.375000,26.0,2.0,,,0 days 00:00:31.557000,0 days 00:00:49.212000,0 days 00:00:29.606000,0 days 01:24:25,0 days 01:25:14.212000,0 days 01:25:43.818000,313.0,189.0,220.0,309.0,False,MEDIUM,10.0,True,Haas F1 Team,0 days 01:23:53.243000,2019-09-01 14:03:53.457,1,9.0,False,,False,True,18.2,55.2,968.3,False,29.7,347,2.5
0 days 01:27:34.464000,GRO,8,0 days 00:01:50.846000,27.0,2.0,,,0 days 00:00:31.413000,0 days 00:00:49.719000,0 days 00:00:29.714000,0 days 01:26:15.231000,0 days 01:27:04.950000,0 days 01:27:34.664000,324.0,189.0,219.0,312.0,False,MEDIUM,11.0,True,Haas F1 Team,0 days 01:25:43.618000,2019-09-01 14:05:43.832,1,9.0,False,,False,True,17.7,56.1,968.2,False,28.8,350,2.5
0 days 01:29:25.190000,GRO,8,0 days 00:01:50.726000,28.0,2.0,,,0 days 00:00:31.542000,0 days 00:00:49.507000,0 days 00:00:29.677000,0 days 01:28:06.206000,0 days 01:28:55.713000,0 days 01:29:25.390000,318.0,195.0,219.0,310.0,False,MEDIUM,12.0,True,Haas F1 Team,0 days 01:27:34.464000,2019-09-01 14:07:34.678,1,9.0,False,,False,True,17.4,57.3,968.2,False,28.3,359,2.0
0 days 01:31:15.727000,GRO,8,0 days 00:01:50.537000,29.0,2.0,,,0 days 00:00:31.371000,0 days 00:00:49.383000,0 days 00:00:29.783000,0 days 01:29:56.761000,0 days 01:30:46.144000,0 days 01:31:15.927000,324.0,194.0,220.0,,False,MEDIUM,13.0,True,Haas F1 Team,0 days 01:29:25.190000,2019-09-01 14:09:25.404,1,9.0,False,,False,True,17.4,57.5,968.3,False,28.3,0,2.6
0 days 01:33:06.773000,GRO,8,0 days 00:01:51.046000,30.0,2.0,,,0 days 00:00:31.225000,0 days 00:00:50.115000,0 days 00:00:29.706000,0 days 01:31:47.152000,0 days 01:32:37.267000,0 days 01:33:06.973000,332.0,191.0,219.0,314.0,False,MEDIUM,14.0,True,Haas F1 Team,0 days 01:31:15.727000,2019-09-01 14:11:15.941,1,8.0,False,,False,True,17.5,57.6,968.3,False,28.4,7,2.2
0 days 01:34:57.672000,GRO,8,0 days 00:01:50.899000,31.0,2.0,,,0 days 00:00:31.470000,0 days 00:00:49.662000,0 days 00:00:29.767000,0 days 01:33:38.443000,0 days 01:34:28.105000,0 days 01:34:57.872000,320.0,192.0,219.0,310.0,False,MEDIUM,15.0,True,Haas F1 Team,0 days 01:33:06.773000,2019-09-01 14:13:06.987,1,8.0,False,,False,True,17.7,56.7,968.3,False,29.4,14,2.6
0 days 01:36:48.455000,GRO,8,0 days 00:01:50.783000,32.0,2.0,,,0 days 00:00:31.285000,0 days 00:00:49.764000,0 days 00:00:29.734000,0 days 01:35:29.157000,0 days 01:36:18.921000,0 days 01:36:48.655000,335.0,188.0,220.0,,False,MEDIUM,16.0,True,Haas F1 Team,0 days 01:34:57.672000,2019-09-01 14:14:57.886,1,8.0,False,,False,True,17.4,57.2,968.3,False,28.9,31,2.5
0 days 01:38:41.522000,GRO,8,0 days 00:01:53.067000,33.0,2.0,,,0 days 00:00:31.688000,0 days 00:00:51.050000,0 days 00:00:30.329000,0 days 01:37:20.343000,0 days 01:38:11.393000,0 days 01:38:41.722000,320.0,194.0,218.0,,False,MEDIUM,17.0,True,Haas F1 Team,0 days 01:36:48.455000,2019-09-01 14:16:48.669,1,10.0,False,,False,True,17.5,56.7,968.2,False,28.2,2,3.0
0 days 01:40:33.256000,GRO,8,0 days 00:01:51.734000,34.0,2.0,,,0 days 00:00:31.401000,0 days 00:00:50.363000,0 days 00:00:29.970000,0 days 01:39:13.123000,0 days 01:40:03.486000,0 days 01:40:33.456000,325.0,194.0,221.0,,False,MEDIUM,18.0,True,Haas F1 Team,0 days 01:38:41.522000,2019-09-01 14:18:41.736,1,11.0,False,,False,True,17.8,56.0,968.2,False,28.8,339,2.1
0 days 01:42:24.991000,GRO,8,0 days 00:01:51.735000,35.0,2.0,,,0 days 00:00:31.657000,0 days 00:00:50.193000,0 days 00:00:29.885000,0 days 01:41:05.113000,0 days 01:41:55.306000,0 days 01:42:25.191000,319.0,194.0,220.0,308.0,False,MEDIUM,19.0,True,Haas F1 Team,0 days 01:40:33.256000,2019-09-01 14:20:33.470,1,12.0,False,,False,True,17.6,56.0,968.3,False,27.8,3,2.7
0 days 01:44:15.993000,GRO,8,0 days 00:01:51.002000,36.0,2.0,,,0 days 00:00:31.220000,0 days 00:00:49.858000,0 days 00:00:29.924000,0 days 01:42:56.411000,0 days 01:43:46.269000,0 days 01:44:16.193000,332.0,180.0,218.0,310.0,False,MEDIUM,20.0,True,Haas F1 Team,0 days 01:42:24.991000,2019-09-01 14:22:25.205,1,12.0,False,,False,True,17.5,55.6,968.2,False,27.8,10,2.3
0 days 01:46:07.600000,GRO,8,0 days 00:01:51.607000,37.0,2.0,,,0 days 00:00:31.289000,0 days 00:00:50.404000,0 days 00:00:29.914000,0 days 01:44:47.482000,0 days 01:45:37.886000,0 days 01:46:07.800000,330.0,190.0,217.0,,False,MEDIUM,21.0,True,Haas F1 Team,0 days 01:44:15.993000,2019-09-01 14:24:16.207,1,12.0,False,,False,True,17.3,54.8,968.3,False,28.3,358,1.6
0 days 01:47:59.602000,GRO,8,0 days 00:01:52.002000,38.0,2.0,,,0 days 00:00:32.098000,0 days 00:00:49.792000,0 days 00:00:30.112000,0 days 01:46:39.898000,0 days 01:47:29.690000,0 days 01:47:59.802000,315.0,189.0,218.0,307.0,False,MEDIUM,22.0,True,Haas F1 Team,0 days 01:46:07.600000,2019-09-01 14:26:07.814,1,12.0,False,,False,True,17.6,54.4,968.3,False,29.5,350,1.2
0 days 01:49:51.305000,GRO,8,0 days 00:01:51.703000,39.0,2.0,,,0 days 00:00:31.526000,0 days 00:00:50.162000,0 days 00:00:30.015000,0 days 01:48:31.328000,0 days 01:49:21.490000,0 days 01:49:51.505000,316.0,189.0,219.0,309.0,False,MEDIUM,23.0,True,Haas F1 Team,0 days 01:47:59.602000,2019-09-01 14:27:59.816,1,12.0,False,,False,True,17.8,53.5,968.3,False,29.5,12,2.4
0 days 01:51:44.655000,GRO,8,0 days 00:01:53.350000,40.0,2.0,,,0 days 00:00:31.405000,0 days 00:00:51.846000,0 days 00:00:30.099000,0 days 01:50:22.910000,0 days 01:51:14.756000,0 days 01:51:44.855000,324.0,191.0,216.0,314.0,False,MEDIUM,24.0,True,Haas F1 Team,0 days 01:49:51.305000,2019-09-01 14:29:51.519,1,14.0,False,,False,True,17.9,52.0,968.3,False,28.8,356,2.5
0 days 01:53:40.888000,GRO,8,0 days 00:01:56.233000,41.0,2.0,,,0 days 00:00:32.576000,0 days 00:00:53.776000,0 days 00:00:29.881000,0 days 01:52:17.431000,0 days 01:53:11.207000,0 days 01:53:41.088000,203.0,192.0,219.0,311.0,False,MEDIUM,25.0,True,Haas F1 Team,0 days 01:51:44.655000,2019-09-01 14:31:44.869,1,15.0,False,,False,True,17.6,53.0,968.3,False,28.8,352,2.5
0 days 01:55:31.765000,GRO,8,0 days 00:01:50.877000,42.0,2.0,,,0 days 00:00:31.621000,0 days 00:00:49.429000,0 days 00:00:29.827000,0 days 01:54:12.709000,0 days 01:55:02.138000,0 days 01:55:31.965000,334.0,195.0,218.0,314.0,False,MEDIUM,26.0,True,Haas F1 Team,0 days 01:53:40.888000,2019-09-01 14:33:41.102,1,14.0,False,,False,True,17.6,52.9,968.3,False,28.8,127,2.6
0 days 01:57:26.139000,GRO,8,0 days 00:01:54.374000,43.0,2.0,,,0 days 00:00:31.810000,0 days 00:00:50.807000,0 days 00:00:31.757000,0 days 01:56:03.775000,0 days 01:56:54.582000,0 days 01:57:26.339000,310.0,197.0,207.0,306.0,False,MEDIUM,27.0,True,Haas F1 Team,0 days 01:55:31.765000,2019-09-01 14:35:31.979,12,13.0,False,,False,True,17.8,53.4,968.3,False,28.4,189,1.4
0 days 00:39:08.786000,KUB,88,,2.0,1.0,,,0 days 00:01:01.548000,0 days 00:01:11.789000,0 days 00:00:45.434000,0 days 00:37:11.766000,0 days 00:38:23.564000,0 days 00:39:09.313000,183.0,131.0,181.0,157.0,False,MEDIUM,2.0,True,Williams,0 days 00:36:09.999000,2019-09-01 13:16:10.213,4,16.0,False,,False,False,17.2,58.0,968.2,False,27.7,353,2.1
0 days 00:42:06.152000,KUB,88,,3.0,1.0,,,0 days 00:00:54.837000,0 days 00:01:07.188000,0 days 00:00:55.404000,0 days 00:40:03.763000,0 days 00:41:10.978000,0 days 00:42:06.534000,258.0,116.0,199.0,246.0,False,MEDIUM,3.0,True,Williams,0 days 00:39:08.786000,2019-09-01 13:19:09.000,4,16.0,False,,False,False,17.3,56.1,968.1,False,29.2,34,2.9
0 days 00:44:47.119000,KUB,88,,4.0,1.0,,,0 days 00:00:46.412000,0 days 00:01:07.644000,0 days 00:00:46.927000,0 days 00:42:52.806000,0 days 00:44:00.500000,0 days 00:44:50.807000,289.0,186.0,217.0,266.0,False,MEDIUM,4.0,True,Williams,0 days 00:42:06.152000,2019-09-01 13:22:06.366,41,16.0,False,,False,False,17.5,55.2,968.2,False,28.5,4,1.9
0 days 00:46:42.756000,KUB,88,0 days 00:01:55.637000,5.0,1.0,,,0 days 00:00:32.657000,0 days 00:00:52.461000,0 days 00:00:30.519000,0 days 00:45:19.979000,0 days 00:46:12.440000,0 days 00:46:42.959000,309.0,193.0,215.0,294.0,True,MEDIUM,5.0,True,Williams,0 days 00:44:47.119000,2019-09-01 13:24:47.333,1,17.0,False,,False,True,17.4,56.3,968.2,False,27.8,27,2.0
0 days 00:48:37.927000,KUB,88,0 days 00:01:55.171000,6.0,1.0,,,0 days 00:00:32.478000,0 days 00:00:52.055000,0 days 00:00:30.638000,0 days 00:47:15.437000,0 days 00:48:07.492000,0 days 00:48:38.130000,303.0,194.0,214.0,298.0,True,MEDIUM,6.0,True,Williams,0 days 00:46:42.756000,2019-09-01 13:26:42.970,1,18.0,False,,False,True,17.4,56.8,968.2,False,27.3,333,1.6
0 days 00:50:32.242000,KUB,88,0 days 00:01:54.315000,7.0,1.0,,,0 days 00:00:32.549000,0 days 00:00:51.138000,0 days 00:00:30.628000,0 days 00:49:10.679000,0 days 00:50:01.817000,0 days 00:50:32.445000,300.0,194.0,213.0,300.0,True,MEDIUM,7.0,True,Williams,0 days 00:48:37.927000,2019-09-01 13:28:38.141,1,18.0,False,,False,True,17.5,55.5,968.2,False,27.1,284,1.5
0 days 00:52:25.549000,KUB,88,0 days 00:01:53.307000,8.0,1.0,,,0 days 00:00:32.451000,0 days 00:00:50.324000,0 days 00:00:30.532000,0 days 00:51:04.896000,0 days 00:51:55.220000,0 days 00:52:25.752000,298.0,199.0,213.0,301.0,True,MEDIUM,8.0,True,Williams,0 days 00:50:32.242000,2019-09-01 13:30:32.456,1,18.0,False,,False,True,17.3,58.1,968.2,False,26.6,347,2.3
0 days 00:54:18.164000,KUB,88,0 days 00:01:52.615000,9.0,1.0,,,0 days 00:00:32.392000,0 days 00:00:49.738000,0 days 00:00:30.485000,0 days 00:52:58.144000,0 days 00:53:47.882000,0 days 00:54:18.367000,299.0,197.0,215.0,299.0,True,MEDIUM,9.0,True,Williams,0 days 00:52:25.549000,2019-09-01 13:32:25.763,1,18.0,False,,False,True,17.4,57.5,968.2,False,26.6,1,2.9
0 days 00:56:10.644000,KUB,88,0 days 00:01:52.480000,10.0,1.0,,,0 days 00:00:32.529000,0 days 00:00:49.599000,0 days 00:00:30.352000,0 days 00:54:50.896000,0 days 00:55:40.495000,0 days 00:56:10.847000,,198.0,213.0,,True,MEDIUM,10.0,True,Williams,0 days 00:54:18.164000,2019-09-01 13:34:18.378,1,18.0,False,,False,True,17.3,57.7,968.3,False,26.8,273,0.9
0 days 00:58:02.691000,KUB,88,0 days 00:01:52.047000,11.0,1.0,,,0 days 00:00:32.376000,0 days 00:00:49.332000,0 days 00:00:30.339000,0 days 00:56:43.223000,0 days 00:57:32.555000,0 days 00:58:02.894000,,194.0,215.0,,True,MEDIUM,11.0,True,Williams,0 days 00:56:10.644000,2019-09-01 13:36:10.858,1,18.0,False,,False,True,17.2,58.0,968.3,False,27.1,245,1.9
0 days 00:59:55.447000,KUB,88,0 days 00:01:52.756000,12.0,1.0,,,0 days 00:00:32.399000,0 days 00:00:49.880000,0 days 00:00:30.477000,0 days 00:58:35.293000,0 days 00:59:25.173000,0 days 00:59:55.650000,296.0,198.0,213.0,300.0,False,MEDIUM,12.0,True,Williams,0 days 00:58:02.691000,2019-09-01 13:38:02.905,1,17.0,False,,False,True,17.3,58.4,968.2,False,27.1,16,1.6
0 days 01:01:48.115000,KUB,88,0 days 00:01:52.668000,13.0,1.0,,,0 days 00:00:32.513000,0 days 00:00:49.639000,0 days 00:00:30.516000,0 days 01:00:28.163000,0 days 01:01:17.802000,0 days 01:01:48.318000,297.0,197.0,214.0,299.0,False,MEDIUM,13.0,True,Williams,0 days 00:59:55.447000,2019-09-01 13:39:55.661,1,17.0,False,,False,True,17.2,56.9,968.3,False,28.4,2,2.8
0 days 01:03:42.382000,KUB,88,0 days 00:01:54.267000,14.0,1.0,,,0 days 00:00:32.534000,0 days 00:00:50.879000,0 days 00:00:30.854000,0 days 01:02:20.852000,0 days 01:03:11.731000,0 days 01:03:42.585000,294.0,198.0,215.0,300.0,False,MEDIUM,14.0,True,Williams,0 days 01:01:48.115000,2019-09-01 13:41:48.329,1,18.0,False,,False,True,17.5,56.8,968.3,False,29.2,203,2.1
0 days 01:05:36.350000,KUB,88,0 days 00:01:53.968000,15.0,1.0,,,0 days 00:00:32.345000,0 days 00:00:51.116000,0 days 00:00:30.507000,0 days 01:04:14.930000,0 days 01:05:06.046000,0 days 01:05:36.553000,310.0,195.0,214.0,301.0,False,MEDIUM,15.0,True,Williams,0 days 01:03:42.382000,2019-09-01 13:43:42.596,1,18.0,False,,False,True,17.7,54.5,968.2,False,29.6,183,1.4
0 days 01:07:29.126000,KUB,88,0 days 00:01:52.776000,16.0,1.0,,,0 days 00:00:32.558000,0 days 00:00:49.776000,0 days 00:00:30.442000,0 days 01:06:09.111000,0 days 01:06:58.887000,0 days 01:07:29.329000,296.0,195.0,214.0,300.0,False,MEDIUM,16.0,True,Williams,0 days 01:05:36.350000,2019-09-01 13:45:36.564,1,18.0,False,,False,True,17.7,55.6,968.3,False,29.8,0,1.9
0 days 01:09:21.681000,KUB,88,0 days 00:01:52.555000,17.0,1.0,,,0 days 00:00:32.559000,0 days 00:00:49.592000,0 days 00:00:30.404000,0 days 01:08:01.888000,0 days 01:08:51.480000,0 days 01:09:21.884000,294.0,198.0,214.0,298.0,False,MEDIUM,17.0,True,Williams,0 days 01:07:29.126000,2019-09-01 13:47:29.340,1,18.0,False,,False,True,17.8,55.2,968.3,False,29.6,349,0.7
0 days 01:11:14.399000,KUB,88,0 days 00:01:52.718000,18.0,1.0,,,0 days 00:00:32.469000,0 days 00:00:49.761000,0 days 00:00:30.488000,0 days 01:09:54.353000,0 days 01:10:44.114000,0 days 01:11:14.602000,295.0,197.0,214.0,299.0,False,MEDIUM,18.0,True,Williams,0 days 01:09:21.681000,2019-09-01 13:49:21.895,1,18.0,False,,False,True,17.6,56.0,968.3,False,28.2,74,1.0
0 days 01:13:06.819000,KUB,88,0 days 00:01:52.420000,19.0,1.0,,,0 days 00:00:32.481000,0 days 00:00:49.490000,0 days 00:00:30.449000,0 days 01:11:47.083000,0 days 01:12:36.573000,0 days 01:13:07.022000,297.0,198.0,215.0,298.0,False,MEDIUM,19.0,True,Williams,0 days 01:11:14.399000,2019-09-01 13:51:14.613,1,18.0,False,,False,True,17.6,56.6,968.3,False,28.3,74,0.9
0 days 01:14:59.023000,KUB,88,0 days 00:01:52.204000,20.0,1.0,,,0 days 00:00:32.408000,0 days 00:00:49.572000,0 days 00:00:30.224000,0 days 01:13:39.430000,0 days 01:14:29.002000,0 days 01:14:59.226000,,198.0,216.0,300.0,False,MEDIUM,20.0,True,Williams,0 days 01:13:06.819000,2019-09-01 13:53:07.033,1,18.0,False,,False,True,17.9,55.3,968.3,False,28.3,5,2.2
0 days 01:16:51.047000,KUB,88,0 days 00:01:52.024000,21.0,1.0,,,0 days 00:00:32.389000,0 days 00:00:49.334000,0 days 00:00:30.301000,0 days 01:15:31.615000,0 days 01:16:20.949000,0 days 01:16:51.250000,295.0,199.0,216.0,301.0,True,MEDIUM,21.0,True,Williams,0 days 01:14:59.023000,2019-09-01 13:54:59.237,1,18.0,False,,False,True,17.7,55.7,968.3,False,28.8,1,2.1
0 days 01:18:43.200000,KUB,88,0 days 00:01:52.153000,22.0,1.0,,,0 days 00:00:32.373000,0 days 00:00:49.478000,0 days 00:00:30.302000,0 days 01:17:23.623000,0 days 01:18:13.101000,0 days 01:18:43.403000,,198.0,216.0,299.0,False,MEDIUM,22.0,True,Williams,0 days 01:16:51.047000,2019-09-01 13:56:51.261,1,18.0,False,,False,True,17.9,55.0,968.2,False,29.3,33,1.7
0 days 01:20:35.504000,KUB,88,0 days 00:01:52.304000,23.0,1.0,,,0 days 00:00:32.509000,0 days 00:00:49.394000,0 days 00:00:30.401000,0 days 01:19:15.912000,0 days 01:20:05.306000,0 days 01:20:35.707000,,198.0,217.0,,False,MEDIUM,23.0,True,Williams,0 days 01:18:43.200000,2019-09-01 13:58:43.414,1,18.0,False,,False,True,18.0,54.6,968.3,False,29.9,22,0.9
0 days 01:22:27.711000,KUB,88,0 days 00:01:52.207000,24.0,1.0,,,0 days 00:00:32.423000,0 days 00:00:49.479000,0 days 00:00:30.305000,0 days 01:21:08.130000,0 days 01:21:57.609000,0 days 01:22:27.914000,296.0,197.0,215.0,300.0,False,MEDIUM,24.0,True,Williams,0 days 01:20:35.504000,2019-09-01 14:00:35.718,1,18.0,False,,False,True,17.9,55.2,968.1,False,30.4,85,2.9
0 days 01:24:19.811000,KUB,88,0 days 00:01:52.100000,25.0,1.0,,,0 days 00:00:32.371000,0 days 00:00:49.467000,0 days 00:00:30.262000,0 days 01:23:00.285000,0 days 01:23:49.752000,0 days 01:24:20.014000,295.0,196.0,216.0,301.0,False,MEDIUM,25.0,True,Williams,0 days 01:22:27.711000,2019-09-01 14:02:27.925,1,18.0,False,,False,True,18.0,55.5,968.2,False,30.7,234,1.7
0 days 01:26:11.866000,KUB,88,0 days 00:01:52.055000,26.0,1.0,,,0 days 00:00:32.340000,0 days 00:00:49.416000,0 days 00:00:30.299000,0 days 01:24:52.354000,0 days 01:25:41.770000,0 days 01:26:12.069000,,197.0,217.0,302.0,False,MEDIUM,26.0,True,Williams,0 days 01:24:19.811000,2019-09-01 14:04:20.025,1,17.0,False,,False,True,18.2,55.2,968.3,False,29.7,347,2.5
0 days 01:28:03.912000,KUB,88,0 days 00:01:52.046000,27.0,1.0,,,0 days 00:00:32.310000,0 days 00:00:49.451000,0 days 00:00:30.285000,0 days 01:26:44.379000,0 days 01:27:33.830000,0 days 01:28:04.115000,,196.0,217.0,301.0,False,MEDIUM,27.0,True,Williams,0 days 01:26:11.866000,2019-09-01 14:06:12.080,1,17.0,False,,False,True,17.7,56.1,968.2,False,28.8,350,2.5
0 days 01:29:57.358000,KUB,88,0 days 00:01:53.446000,28.0,1.0,,,0 days 00:00:32.685000,0 days 00:00:50.459000,0 days 00:00:30.302000,0 days 01:28:36.800000,0 days 01:29:27.259000,0 days 01:29:57.561000,321.0,197.0,217.0,275.0,False,MEDIUM,28.0,True,Williams,0 days 01:28:03.912000,2019-09-01 14:08:04.126,1,18.0,False,,False,True,17.4,57.3,968.2,False,28.3,359,2.0
0 days 01:31:49.573000,KUB,88,0 days 00:01:52.215000,29.0,1.0,,,0 days 00:00:32.258000,0 days 00:00:49.659000,0 days 00:00:30.298000,0 days 01:30:29.819000,0 days 01:31:19.478000,0 days 01:31:49.776000,299.0,197.0,216.0,302.0,False,MEDIUM,29.0,True,Williams,0 days 01:29:57.358000,2019-09-01 14:09:57.572,1,18.0,False,,False,True,17.4,57.2,968.3,False,28.4,329,2.5
0 days 01:33:42.239000,KUB,88,0 days 00:01:52.666000,30.0,1.0,,,0 days 00:00:32.226000,0 days 00:00:50.077000,0 days 00:00:30.363000,0 days 01:32:22.002000,0 days 01:33:12.079000,0 days 01:33:42.442000,,193.0,214.0,304.0,False,MEDIUM,30.0,True,Williams,0 days 01:31:49.573000,2019-09-01 14:11:49.787,1,17.0,False,,False,True,17.6,56.5,968.3,False,28.9,310,2.7
0 days 01:39:34.105000,KUB,88,0 days 00:01:49.220000,33.0,2.0,,,0 days 00:00:31.847000,0 days 00:00:47.636000,0 days 00:00:29.737000,0 days 01:38:16.935000,0 days 01:39:04.571000,0 days 01:39:34.308000,305.0,207.0,221.0,,True,SOFT,2.0,True,Williams,0 days 01:37:44.885000,2019-09-01 14:17:45.099,1,17.0,False,,False,True,17.6,57.1,968.2,False,28.2,293,2.4
0 days 01:41:23.886000,KUB,88,0 days 00:01:49.781000,34.0,2.0,,,0 days 00:00:31.692000,0 days 00:00:48.127000,0 days 00:00:29.962000,0 days 01:40:06,0 days 01:40:54.127000,0 days 01:41:24.089000,308.0,204.0,220.0,,False,SOFT,3.0,True,Williams,0 days 01:39:34.105000,2019-09-01 14:19:34.319,1,17.0,False,,False,True,17.7,55.9,968.2,False,28.8,3,1.9
0 days 01:43:13.720000,KUB,88,0 days 00:01:49.834000,35.0,2.0,,,0 days 00:00:31.963000,0 days 00:00:48.004000,0 days 00:00:29.867000,0 days 01:41:56.052000,0 days 01:42:44.056000,0 days 01:43:13.923000,310.0,207.0,221.0,,False,SOFT,4.0,True,Williams,0 days 01:41:23.886000,2019-09-01 14:21:24.100,1,17.0,False,,False,True,17.6,56.0,968.3,False,27.8,3,2.7
0 days 01:45:05.172000,KUB,88,0 days 00:01:51.452000,36.0,2.0,,,0 days 00:00:31.888000,0 days 00:00:49.750000,0 days 00:00:29.814000,0 days 01:43:45.811000,0 days 01:44:35.561000,0 days 01:45:05.375000,309.0,204.0,221.0,,False,SOFT,5.0,True,Williams,0 days 01:43:13.720000,2019-09-01 14:23:13.934,1,17.0,False,,False,True,17.5,54.5,968.3,False,28.0,308,2.6
0 days 01:46:56.587000,KUB,88,0 days 00:01:51.415000,37.0,2.0,,,0 days 00:00:31.767000,0 days 00:00:49.693000,0 days 00:00:29.955000,0 days 01:45:37.142000,0 days 01:46:26.835000,0 days 01:46:56.790000,326.0,203.0,219.0,303.0,False,SOFT,6.0,True,Williams,0 days 01:45:05.172000,2019-09-01 14:25:05.386,1,18.0,False,,False,True,17.5,54.5,968.3,False,28.9,348,1.4
0 days 01:48:47.271000,KUB,88,0 days 00:01:50.684000,38.0,2.0,,,0 days 00:00:32.083000,0 days 00:00:48.612000,0 days 00:00:29.989000,0 days 01:47:28.873000,0 days 01:48:17.485000,0 days 01:48:47.474000,296.0,202.0,219.0,301.0,False,SOFT,7.0,True,Williams,0 days 01:46:56.587000,2019-09-01 14:26:56.801,1,18.0,False,,False,True,17.8,53.8,968.3,False,29.6,4,2.2
0 days 01:50:37.597000,KUB,88,0 days 00:01:50.326000,39.0,2.0,,,0 days 00:00:32.063000,0 days 00:00:48.274000,0 days 00:00:29.989000,0 days 01:49:19.537000,0 days 01:50:07.811000,0 days 01:50:37.800000,295.0,206.0,219.0,303.0,False,SOFT,8.0,True,Williams,0 days 01:48:47.271000,2019-09-01 14:28:47.485,1,18.0,False,,False,True,17.9,53.0,968.3,False,28.9,2,1.9
0 days 01:52:28.245000,KUB,88,0 days 00:01:50.648000,40.0,2.0,,,0 days 00:00:32.097000,0 days 00:00:48.379000,0 days 00:00:30.172000,0 days 01:51:09.897000,0 days 01:51:58.276000,0 days 01:52:28.448000,,205.0,217.0,300.0,False,SOFT,9.0,True,Williams,0 days 01:50:37.597000,2019-09-01 14:30:37.811,1,18.0,False,,False,True,17.8,52.4,968.3,False,28.8,2,1.8
0 days 01:54:18.471000,KUB,88,0 days 00:01:50.226000,41.0,2.0,,,0 days 00:00:32.184000,0 days 00:00:48.031000,0 days 00:00:30.011000,0 days 01:53:00.632000,0 days 01:53:48.663000,0 days 01:54:18.674000,,203.0,219.0,,False,SOFT,10.0,True,Williams,0 days 01:52:28.245000,2019-09-01 14:32:28.459,1,18.0,False,,False,True,17.6,53.0,968.3,False,28.8,352,2.5
0 days 01:56:08.855000,KUB,88,0 days 00:01:50.384000,42.0,2.0,,,0 days 00:00:32.157000,0 days 00:00:48.102000,0 days 00:00:30.125000,0 days 01:54:50.831000,0 days 01:55:38.933000,0 days 01:56:09.058000,298.0,205.0,217.0,299.0,False,SOFT,11.0,True,Williams,0 days 01:54:18.471000,2019-09-01 14:34:18.685,1,18.0,False,,False,True,17.6,52.9,968.3,False,28.8,127,2.6
0 days 01:58:00.687000,KUB,88,0 days 00:01:51.832000,43.0,2.0,,,0 days 00:00:32.278000,0 days 00:00:49.502000,0 days 00:00:30.052000,0 days 01:56:41.336000,0 days 01:57:30.838000,0 days 01:58:00.890000,297.0,204.0,217.0,300.0,False,SOFT,12.0,True,Williams,0 days 01:56:08.855000,2019-09-01 14:36:09.069,12,17.0,False,,False,True,17.8,53.4,968.3,False,28.4,189,1.4
0 days 00:36:03.496000,GIO,99,0 days 00:02:36.641000,1.0,1.0,,,,0 days 00:01:17.853000,0 days 00:00:40.395000,,0 days 00:35:23.281000,0 days 00:36:03.754000,318.0,176.0,196.0,273.0,False,MEDIUM,1.0,True,Alfa Romeo Racing,0 days 00:33:26.693000,2019-09-01 13:13:26.907,124,13.0,False,,False,False,16.9,59.2,968.2,False,27.0,26,2.4
0 days 00:39:01.933000,GIO,99,,2.0,1.0,,,0 days 00:01:03.007000,0 days 00:01:13.106000,0 days 00:00:42.374000,0 days 00:37:06.633000,0 days 00:38:19.955000,0 days 00:39:02.266000,213.0,138.0,198.0,94.0,False,MEDIUM,2.0,True,Alfa Romeo Racing,0 days 00:36:03.496000,2019-09-01 13:16:03.710,4,12.0,False,,False,False,17.2,58.0,968.2,False,27.7,353,2.1
0 days 00:41:59.828000,GIO,99,,3.0,1.0,,,0 days 00:00:55.958000,0 days 00:01:07.835000,0 days 00:00:54.092000,0 days 00:39:58.081000,0 days 00:41:05.962000,0 days 00:42:00.112000,255.0,156.0,196.0,174.0,False,MEDIUM,3.0,True,Alfa Romeo Racing,0 days 00:39:01.933000,2019-09-01 13:19:02.147,4,12.0,False,,False,False,17.3,56.1,968.1,False,29.2,34,2.9
0 days 00:44:45.210000,GIO,99,,4.0,1.0,,,0 days 00:00:45.417000,0 days 00:01:11.034000,0 days 00:00:49.013000,0 days 00:42:45.375000,0 days 00:43:56.434000,0 days 00:44:47.991000,278.0,176.0,220.0,265.0,False,MEDIUM,4.0,True,Alfa Romeo Racing,0 days 00:41:59.828000,2019-09-01 13:22:00.042,41,12.0,False,,False,False,17.5,55.2,968.2,False,28.5,4,1.9
0 days 00:46:39.429000,GIO,99,0 days 00:01:54.219000,5.0,1.0,,,0 days 00:00:31.626000,0 days 00:00:52.375000,0 days 00:00:30.218000,0 days 00:45:17.016000,0 days 00:46:09.391000,0 days 00:46:39.609000,330.0,191.0,217.0,311.0,True,MEDIUM,5.0,True,Alfa Romeo Racing,0 days 00:44:45.210000,2019-09-01 13:24:45.424,1,12.0,False,,False,True,17.4,56.3,968.2,False,27.8,27,2.0
0 days 00:48:32.459000,GIO,99,0 days 00:01:53.030000,6.0,1.0,,,0 days 00:00:31.730000,0 days 00:00:51.269000,0 days 00:00:30.031000,0 days 00:47:11.339000,0 days 00:48:02.608000,0 days 00:48:32.639000,319.0,196.0,214.0,,True,MEDIUM,6.0,True,Alfa Romeo Racing,0 days 00:46:39.429000,2019-09-01 13:26:39.643,1,12.0,False,,False,True,17.4,56.8,968.2,False,27.3,333,1.6
0 days 00:50:25.042000,GIO,99,0 days 00:01:52.583000,7.0,1.0,,,0 days 00:00:31.562000,0 days 00:00:50.934000,0 days 00:00:30.087000,0 days 00:49:04.201000,0 days 00:49:55.135000,0 days 00:50:25.222000,342.0,199.0,217.0,,True,MEDIUM,7.0,True,Alfa Romeo Racing,0 days 00:48:32.459000,2019-09-01 13:28:32.673,1,12.0,False,,False,True,17.5,55.5,968.2,False,27.1,284,1.5
0 days 00:52:16.930000,GIO,99,0 days 00:01:51.888000,8.0,1.0,,,0 days 00:00:31.331000,0 days 00:00:50.654000,0 days 00:00:29.903000,0 days 00:50:56.553000,0 days 00:51:47.207000,0 days 00:52:17.110000,332.0,197.0,218.0,,True,MEDIUM,8.0,True,Alfa Romeo Racing,0 days 00:50:25.042000,2019-09-01 13:30:25.256,1,12.0,False,,False,True,17.2,56.8,968.2,False,26.6,222,1.5
0 days 00:54:08.556000,GIO,99,0 days 00:01:51.626000,9.0,1.0,,,0 days 00:00:31.266000,0 days 00:00:50.574000,0 days 00:00:29.786000,0 days 00:52:48.376000,0 days 00:53:38.950000,0 days 00:54:08.736000,336.0,196.0,218.0,,True,MEDIUM,9.0,True,Alfa Romeo Racing,0 days 00:52:16.930000,2019-09-01 13:32:17.144,1,12.0,False,,False,True,17.4,57.5,968.2,False,26.6,1,2.9
0 days 00:56:00.821000,GIO,99,0 days 00:01:52.265000,10.0,1.0,,,0 days 00:00:31.287000,0 days 00:00:51.080000,0 days 00:00:29.898000,0 days 00:54:40.023000,0 days 00:55:31.103000,0 days 00:56:01.001000,338.0,183.0,219.0,310.0,False,MEDIUM,10.0,True,Alfa Romeo Racing,0 days 00:54:08.556000,2019-09-01 13:34:08.770,1,12.0,False,,False,True,17.3,57.7,968.3,False,26.8,273,0.9
0 days 00:57:53.209000,GIO,99,0 days 00:01:52.388000,11.0,1.0,,,0 days 00:00:31.187000,0 days 00:00:51.268000,0 days 00:00:29.933000,0 days 00:56:32.188000,0 days 00:57:23.456000,0 days 00:57:53.389000,341.0,194.0,219.0,313.0,False,MEDIUM,11.0,True,Alfa Romeo Racing,0 days 00:56:00.821000,2019-09-01 13:36:01.035,1,12.0,False,,False,True,17.2,58.0,968.3,False,27.1,245,1.9
0 days 00:59:45.672000,GIO,99,0 days 00:01:52.463000,12.0,1.0,,,0 days 00:00:31.229000,0 days 00:00:51.381000,0 days 00:00:29.853000,0 days 00:58:24.618000,0 days 00:59:15.999000,0 days 00:59:45.852000,334.0,199.0,218.0,,False,MEDIUM,12.0,True,Alfa Romeo Racing,0 days 00:57:53.209000,2019-09-01 13:37:53.423,1,12.0,False,,False,True,17.3,58.4,968.2,False,27.1,16,1.6
0 days 01:01:37.504000,GIO,99,0 days 00:01:51.832000,13.0,1.0,,,0 days 00:00:31.365000,0 days 00:00:50.672000,0 days 00:00:29.795000,0 days 01:00:17.217000,0 days 01:01:07.889000,0 days 01:01:37.684000,332.0,195.0,217.0,312.0,False,MEDIUM,13.0,True,Alfa Romeo Racing,0 days 00:59:45.672000,2019-09-01 13:39:45.886,1,12.0,False,,False,True,17.2,56.9,968.3,False,28.4,2,2.8
0 days 01:03:28.467000,GIO,99,0 days 00:01:50.963000,14.0,1.0,,,0 days 00:00:31.156000,0 days 00:00:49.976000,0 days 00:00:29.831000,0 days 01:02:08.840000,0 days 01:02:58.816000,0 days 01:03:28.647000,340.0,199.0,216.0,315.0,True,MEDIUM,14.0,True,Alfa Romeo Racing,0 days 01:01:37.504000,2019-09-01 13:41:37.718,1,9.0,False,,False,True,17.5,56.8,968.3,False,29.2,203,2.1
0 days 01:05:19.354000,GIO,99,0 days 00:01:50.887000,15.0,1.0,,,0 days 00:00:31.642000,0 days 00:00:49.511000,0 days 00:00:29.734000,0 days 01:04:00.289000,0 days 01:04:49.800000,0 days 01:05:19.534000,320.0,198.0,217.0,307.0,True,MEDIUM,15.0,True,Alfa Romeo Racing,0 days 01:03:28.467000,2019-09-01 13:43:28.681,1,9.0,False,,False,True,17.6,56.0,968.2,False,29.2,307,0.9
0 days 01:07:10.365000,GIO,99,0 days 00:01:51.011000,16.0,1.0,,,0 days 00:00:31.779000,0 days 00:00:49.549000,0 days 00:00:29.683000,0 days 01:05:51.313000,0 days 01:06:40.862000,0 days 01:07:10.545000,308.0,199.0,217.0,308.0,False,MEDIUM,16.0,True,Alfa Romeo Racing,0 days 01:05:19.354000,2019-09-01 13:45:19.568,1,8.0,False,,False,True,17.8,54.7,968.3,False,29.8,267,2.5
0 days 01:09:01.082000,GIO,99,0 days 00:01:50.717000,17.0,1.0,,,0 days 00:00:31.654000,0 days 00:00:49.274000,0 days 00:00:29.789000,0 days 01:07:42.199000,0 days 01:08:31.473000,0 days 01:09:01.262000,318.0,198.0,216.0,,True,MEDIUM,17.0,True,Alfa Romeo Racing,0 days 01:07:10.365000,2019-09-01 13:47:10.579,1,7.0,False,,False,True,17.8,55.2,968.3,False,29.6,349,0.7
0 days 01:10:51.805000,GIO,99,0 days 00:01:50.723000,18.0,1.0,,,0 days 00:00:31.595000,0 days 00:00:49.513000,0 days 00:00:29.615000,0 days 01:09:32.857000,0 days 01:10:22.370000,0 days 01:10:51.985000,322.0,196.0,218.0,307.0,False,MEDIUM,18.0,True,Alfa Romeo Racing,0 days 01:09:01.082000,2019-09-01 13:49:01.296,1,7.0,False,,False,True,17.6,56.0,968.3,False,28.2,74,1.0
0 days 01:12:42.595000,GIO,99,0 days 00:01:50.790000,19.0,1.0,,,0 days 00:00:31.685000,0 days 00:00:49.398000,0 days 00:00:29.707000,0 days 01:11:23.670000,0 days 01:12:13.068000,0 days 01:12:42.775000,309.0,197.0,217.0,,False,MEDIUM,19.0,True,Alfa Romeo Racing,0 days 01:10:51.805000,2019-09-01 13:50:52.019,1,7.0,False,,False,True,17.6,56.6,968.3,False,28.3,74,0.9
0 days 01:14:34.253000,GIO,99,0 days 00:01:51.658000,20.0,1.0,,,0 days 00:00:31.671000,0 days 00:00:50.273000,0 days 00:00:29.714000,0 days 01:13:14.446000,0 days 01:14:04.719000,0 days 01:14:34.433000,318.0,201.0,218.0,308.0,False,MEDIUM,20.0,True,Alfa Romeo Racing,0 days 01:12:42.595000,2019-09-01 13:52:42.809,1,7.0,False,,False,True,17.9,55.3,968.3,False,28.3,5,2.2
0 days 01:16:24.928000,GIO,99,0 days 00:01:50.675000,21.0,1.0,,,0 days 00:00:31.646000,0 days 00:00:49.428000,0 days 00:00:29.601000,0 days 01:15:06.079000,0 days 01:15:55.507000,0 days 01:16:25.108000,317.0,199.0,217.0,309.0,True,MEDIUM,21.0,True,Alfa Romeo Racing,0 days 01:14:34.253000,2019-09-01 13:54:34.467,1,7.0,False,,False,True,17.7,55.7,968.3,False,28.8,1,2.1
0 days 01:18:15.738000,GIO,99,0 days 00:01:50.810000,22.0,1.0,,,0 days 00:00:31.732000,0 days 00:00:49.273000,0 days 00:00:29.805000,0 days 01:16:56.840000,0 days 01:17:46.113000,0 days 01:18:15.918000,309.0,196.0,218.0,306.0,False,MEDIUM,22.0,True,Alfa Romeo Racing,0 days 01:16:24.928000,2019-09-01 13:56:25.142,1,7.0,False,,False,True,17.8,55.9,968.3,False,29.0,357,2.6
0 days 01:20:06.492000,GIO,99,0 days 00:01:50.754000,23.0,1.0,,,0 days 00:00:31.578000,0 days 00:00:49.351000,0 days 00:00:29.825000,0 days 01:18:47.496000,0 days 01:19:36.847000,0 days 01:20:06.672000,320.0,193.0,217.0,307.0,False,MEDIUM,23.0,True,Alfa Romeo Racing,0 days 01:18:15.738000,2019-09-01 13:58:15.952,1,7.0,False,,False,True,17.9,55.6,968.3,False,29.8,347,2.5
0 days 01:21:57.563000,GIO,99,0 days 00:01:51.071000,24.0,1.0,,,0 days 00:00:31.646000,0 days 00:00:49.622000,0 days 00:00:29.803000,0 days 01:20:38.318000,0 days 01:21:27.940000,0 days 01:21:57.743000,,196.0,218.0,,False,MEDIUM,24.0,True,Alfa Romeo Racing,0 days 01:20:06.492000,2019-09-01 14:00:06.706,1,6.0,False,,False,True,18.0,54.2,968.2,False,30.1,21,2.8
0 days 01:23:48.192000,GIO,99,0 days 00:01:50.629000,25.0,1.0,,,0 days 00:00:31.688000,0 days 00:00:49.107000,0 days 00:00:29.834000,0 days 01:22:29.431000,0 days 01:23:18.538000,0 days 01:23:48.372000,308.0,195.0,218.0,306.0,True,MEDIUM,25.0,True,Alfa Romeo Racing,0 days 01:21:57.563000,2019-09-01 14:01:57.777,1,6.0,False,,False,True,18.0,55.5,968.2,False,30.7,234,1.7
0 days 01:25:38.675000,GIO,99,0 days 00:01:50.483000,26.0,1.0,,,0 days 00:00:31.764000,0 days 00:00:48.986000,0 days 00:00:29.733000,0 days 01:24:20.136000,0 days 01:25:09.122000,0 days 01:25:38.855000,306.0,196.0,218.0,,True,MEDIUM,26.0,True,Alfa Romeo Racing,0 days 01:23:48.192000,2019-09-01 14:03:48.406,1,6.0,False,,False,True,18.2,55.2,968.3,False,29.7,347,2.5
0 days 01:27:29.031000,GIO,99,0 days 00:01:50.356000,27.0,1.0,,,0 days 00:00:31.717000,0 days 00:00:48.878000,0 days 00:00:29.761000,0 days 01:26:10.572000,0 days 01:26:59.450000,0 days 01:27:29.211000,312.0,196.0,217.0,305.0,True,MEDIUM,27.0,True,Alfa Romeo Racing,0 days 01:25:38.675000,2019-09-01 14:05:38.889,1,6.0,False,,False,True,17.7,56.1,968.2,False,28.8,350,2.5
0 days 01:29:19.719000,GIO,99,0 days 00:01:50.688000,28.0,1.0,,,0 days 00:00:31.911000,0 days 00:00:49.060000,0 days 00:00:29.717000,0 days 01:28:01.122000,0 days 01:28:50.182000,0 days 01:29:19.899000,311.0,197.0,218.0,306.0,False,MEDIUM,28.0,True,Alfa Romeo Racing,0 days 01:27:29.031000,2019-09-01 14:07:29.245,1,6.0,False,,False,True,17.5,56.8,968.2,False,28.5,4,3.3
0 days 01:35:05.972000,GIO,99,0 days 00:01:47.560000,31.0,2.0,,,0 days 00:00:31.224000,0 days 00:00:47.079000,0 days 00:00:29.257000,0 days 01:33:49.816000,0 days 01:34:36.895000,0 days 01:35:06.152000,310.0,206.0,221.0,308.0,True,SOFT,2.0,True,Alfa Romeo Racing,0 days 01:33:18.412000,2019-09-01 14:13:18.626,1,13.0,False,,False,True,17.7,56.7,968.3,False,29.4,14,2.6
0 days 01:36:54.277000,GIO,99,0 days 00:01:48.305000,32.0,2.0,,,0 days 00:00:31.232000,0 days 00:00:47.657000,0 days 00:00:29.416000,0 days 01:35:37.384000,0 days 01:36:25.041000,0 days 01:36:54.457000,316.0,206.0,220.0,,False,SOFT,3.0,True,Alfa Romeo Racing,0 days 01:35:05.972000,2019-09-01 14:15:06.186,1,12.0,False,,False,True,17.4,57.2,968.3,False,28.9,31,2.5
0 days 01:38:42.888000,GIO,99,0 days 00:01:48.611000,33.0,2.0,,,0 days 00:00:31.307000,0 days 00:00:47.938000,0 days 00:00:29.366000,0 days 01:37:25.764000,0 days 01:38:13.702000,0 days 01:38:43.068000,317.0,203.0,221.0,,False,SOFT,4.0,True,Alfa Romeo Racing,0 days 01:36:54.277000,2019-09-01 14:16:54.491,1,12.0,False,,False,True,17.5,56.7,968.2,False,28.2,2,3.0
0 days 01:40:33.540000,GIO,99,0 days 00:01:50.652000,34.0,2.0,,,0 days 00:00:30.955000,0 days 00:00:50.002000,0 days 00:00:29.695000,0 days 01:39:14.023000,0 days 01:40:04.025000,0 days 01:40:33.720000,334.0,199.0,223.0,315.0,False,SOFT,5.0,True,Alfa Romeo Racing,0 days 01:38:42.888000,2019-09-01 14:18:43.102,1,12.0,False,,False,True,17.8,56.0,968.2,False,28.8,339,2.1
0 days 01:42:24.010000,GIO,99,0 days 00:01:50.470000,35.0,2.0,,,0 days 00:00:31.184000,0 days 00:00:49.661000,0 days 00:00:29.625000,0 days 01:41:04.904000,0 days 01:41:54.565000,0 days 01:42:24.190000,338.0,192.0,224.0,311.0,False,SOFT,6.0,True,Alfa Romeo Racing,0 days 01:40:33.540000,2019-09-01 14:20:33.754,1,11.0,False,,False,True,17.6,56.0,968.3,False,27.8,3,2.7
0 days 01:44:15.093000,GIO,99,0 days 00:01:51.083000,36.0,2.0,,,0 days 00:00:30.675000,0 days 00:00:50.785000,0 days 00:00:29.623000,0 days 01:42:54.865000,0 days 01:43:45.650000,0 days 01:44:15.273000,352.0,203.0,222.0,317.0,False,SOFT,7.0,True,Alfa Romeo Racing,0 days 01:42:24.010000,2019-09-01 14:22:24.224,1,11.0,False,,False,True,17.5,55.6,968.2,False,27.8,10,2.3
0 days 01:46:05.645000,GIO,99,0 days 00:01:50.552000,37.0,2.0,,,0 days 00:00:30.953000,0 days 00:00:49.867000,0 days 00:00:29.732000,0 days 01:44:46.226000,0 days 01:45:36.093000,0 days 01:46:05.825000,343.0,198.0,222.0,,False,SOFT,8.0,True,Alfa Romeo Racing,0 days 01:44:15.093000,2019-09-01 14:24:15.307,1,10.0,False,,False,True,17.3,54.8,968.3,False,28.3,358,1.6
0 days 01:47:55.847000,GIO,99,0 days 00:01:50.202000,38.0,2.0,,,0 days 00:00:31.259000,0 days 00:00:49.406000,0 days 00:00:29.537000,0 days 01:46:37.084000,0 days 01:47:26.490000,0 days 01:47:56.027000,336.0,203.0,220.0,314.0,False,SOFT,9.0,True,Alfa Romeo Racing,0 days 01:46:05.645000,2019-09-01 14:26:05.859,1,9.0,False,,False,True,17.6,54.4,968.3,False,29.5,350,1.2
0 days 01:49:44.589000,GIO,99,0 days 00:01:48.742000,39.0,2.0,,,0 days 00:00:31.504000,0 days 00:00:47.846000,0 days 00:00:29.392000,0 days 01:48:27.531000,0 days 01:49:15.377000,0 days 01:49:44.769000,306.0,204.0,220.0,308.0,False,SOFT,10.0,True,Alfa Romeo Racing,0 days 01:47:55.847000,2019-09-01 14:27:56.061,1,9.0,False,,False,True,17.8,53.5,968.3,False,29.5,12,2.4
0 days 01:51:32.910000,GIO,99,0 days 00:01:48.321000,40.0,2.0,,,0 days 00:00:31.373000,0 days 00:00:47.593000,0 days 00:00:29.355000,0 days 01:50:16.142000,0 days 01:51:03.735000,0 days 01:51:33.090000,311.0,204.0,221.0,,False,SOFT,11.0,True,Alfa Romeo Racing,0 days 01:49:44.589000,2019-09-01 14:29:44.803,1,9.0,False,,False,True,17.9,52.0,968.3,False,28.8,356,2.5
0 days 01:53:21.321000,GIO,99,0 days 00:01:48.411000,41.0,2.0,,,0 days 00:00:31.500000,0 days 00:00:47.426000,0 days 00:00:29.485000,0 days 01:52:04.590000,0 days 01:52:52.016000,0 days 01:53:21.501000,312.0,204.0,220.0,305.0,False,SOFT,12.0,True,Alfa Romeo Racing,0 days 01:51:32.910000,2019-09-01 14:31:33.124,1,9.0,False,,False,True,17.6,53.0,968.3,False,28.8,352,2.5
0 days 01:55:09.530000,GIO,99,0 days 00:01:48.209000,42.0,2.0,,,0 days 00:00:31.415000,0 days 00:00:47.328000,0 days 00:00:29.466000,0 days 01:53:52.916000,0 days 01:54:40.244000,0 days 01:55:09.710000,,205.0,221.0,307.0,False,SOFT,13.0,True,Alfa Romeo Racing,0 days 01:53:21.321000,2019-09-01 14:33:21.535,1,9.0,False,,False,True,17.8,52.8,968.4,False,28.9,356,1.8
0 days 01:56:12.034000,GIO,99,,43.0,2.0,,,,,,,,,,,,,,SOFT,14.0,True,Alfa Romeo Racing,0 days 01:55:09.530000,,1,,False,,True,False,17.6,53.4,968.3,False,28.8,34,0.7
